109.676
110.177
110.644
111.111
111.612
112.079
112.546
113.046
113.513
114.014
114.481
114.982
115.449
115.949
116.416
117.384
117.851
118.318
118.585
118.819
119.286
119.786
120.253
120.487
120.754
121.221
121.688
122.189
122.422
122.656
123.156
123.624
124.091
124.324
124.558
125.058
125.525
126.026
126.259
126.493
126.994
127.461
127.928
128.161
128.428
128.895
129.363
129.863
130.097
130.330
130.831
131.164
131.531
131.765
132.132
146.146
146.380
146.647
147.114
147.347
147.581
148.081
148.315
148.548
149.016
149.282
149.516
149.983
150.217
150.484
150.951
151.184
151.418
151.918
152.152
152.386
152.886
153.120
153.353
155.789
156.256
156.723
157.224
157.691
158.158
158.659
159.126
159.626
160.093
160.560
161.061
161.528
162.029
162.496
162.963
163.463
163.930
164.398
164.898
165.365
165.832
166.333
166.800
167.300
167.768
168.268
168.735
169.202
169.703
170.170
170.637
171.138
171.371
171.605
171.838
172.105
172.339
172.572
172.806
173.073
173.306
173.540
173.774
174.007
174.241
174.508
174.741
174.975
175.095
175.215
175.335
175.455
175.575
175.696
175.816
175.936
176.056
176.176
176.296
176.416
176.536
176.656
176.777
178.812
179.279
179.780
180.247
180.714
181.214
181.682
182.182
182.649
183.116
183.617
184.084
184.551
185.052
185.519
185.986
186.486
186.953
187.454
187.921
188.422
188.889
189.356
189.856
190.323
190.791
191.291
191.758
194.661
195.128
195.595
195.862
196.096
196.563
197.030
197.531
197.764
197.998
198.498
198.965
199.466
199.666
199.933
200.400
200.901
201.368
201.601
201.835
202.335
202.803
203.270
203.537
203.770
204.237
204.738
205.205
205.439
205.706
206.173
206.640
207.140
207.374
207.607
217.217
217.684
218.151
218.652
219.119
219.619
220.087
220.554
221.054
221.521
222.022
222.489
222.956
223.457
223.924
224.391
224.891
225.358
225.859
226.326
226.827
227.294
227.761
228.261
228.729
229.196
229.696
230.163
230.664
231.131
231.598
232.566
233.033
233.300
233.533
234.000
234.234
234.501
234.968
235.202
235.435
235.936
236.169
236.403
236.903
237.104
237.370
237.838
238.105
238.338
238.805
239.039
239.272
239.773
240.006
240.240
240.707
240.974
241.208
241.675
241.942
242.175
242.642
242.876
243.143
243.610
243.844
244.077
244.578
244.811
245.045
245.512
245.779
246.012
246.480
246.713
246.947
247.447
247.681
247.914
248.448
248.915
249.416
249.883
250.350
250.851
251.318
251.785
252.285
252.753
253.253
253.720
254.187
254.688
255.155
255.655
255.856
256.123
256.356
256.590
256.823
257.090
257.324
257.557
257.791
258.024
258.258
258.525
258.759
258.992
259.226
259.493
259.613
259.733
259.853
259.973
260.093
260.213
260.333
260.454
260.574
260.694
260.814
260.934
261.054
261.174
261.294
263.764
264.264
264.731
265.198
265.699
266.166
266.633
267.134
267.601
268.101
268.568
269.035
269.536
270.003
270.504
270.971
271.438
271.938
272.405
272.873
273.373
273.840
274.341
274.808
275.275
275.776
276.109
276.476
279.112
279.613
279.846
280.080
280.580
280.814
281.047
281.515
281.782
282.015
282.482
282.716
282.983
283.450
283.683
283.917
284.417
284.651
284.885
285.352
285.619
285.852
286.319
286.553
286.820
287.287
287.521
287.754
288.255
288.488
288.722
289.222
289.456
289.689
290.157
290.423
290.657
291.124
291.358
291.591
292.092
292.325
292.559
293.026
293.293
293.527
293.994
294.494
294.961
295.195
295.462
295.929
296.396
296.897
297.130
297.364
297.864
298.331
298.799
299.065
299.299
299.766
300.267
300.734
300.967
301.201
301.701
302.169
302.636
302.903
303.136
303.603
304.104
304.571
304.805
305.038
305.539
306.006
306.506
306.740
306.973
307.440
309.376
309.843
310.343
310.577
310.811
311.278
311.778
312.245
312.479
312.746
313.213
313.680
314.181
314.414
314.648
315.148
315.615
316.082
316.316
316.583
317.050
317.517
318.018
318.251
318.485
318.952
319.452
319.920
320.187
320.420
320.887
321.388
321.855
322.088
322.322
322.822
324.724
325.692
326.660
327.594
328.562
329.529
330.497
331.464
332.399
333.366
334.334
335.268
336.269
337.204
338.171
339.139
371.438
372.138
372.806
373.506
374.207
374.908
375.575
376.276
376.977
377.644
378.345
379.045
379.713
380.413
381.114
381.781
382.482
382.816
383.350
383.516
383.850
384.217
384.718
384.885
385.252
385.585
386.086
386.286
386.620
386.953
387.487
387.654
387.988
388.355
388.855
389.022
389.389
389.723
390.257
390.423
390.757
391.091
391.625
391.791
392.125
392.492
392.993
393.159
393.526
393.860
394.361
394.561
394.895
395.228
395.762
395.929
396.263
396.630
397.130
397.297
397.664
397.998
398.531
398.698
399.032
399.366
399.900
400.066
400.400
400.767
401.268
401.434
401.801
402.135
402.669
402.836
403.169
403.503
403.870
404.037
404.204
404.537
404.905
405.238
405.405
405.572
405.939
406.273
406.606
406.806
406.973
407.307
407.641
408.008
408.174
408.341
408.675
409.042
409.376
409.542
409.709
410.076
410.410
410.744
410.944
411.111
411.444
411.778
412.145
412.312
412.479
412.812
413.179
413.513
413.680
413.847
414.214
414.547
414.881
415.081
415.248
415.582
415.754
415.927
416.100
416.272
416.445
416.617
416.790
416.962
417.135
417.308
417.480
417.653
417.825
417.998
418.170
418.343
418.515
418.688
418.861
419.033
419.206
419.378
419.551
419.723
419.896
420.069
420.241
420.414
420.586
420.759
420.931
421.104
421.277
421.449
421.622
421.794
421.967
422.139
422.312
422.485
422.657
422.830
423.002
423.175
423.347
423.520
423.693
423.865
424.038
424.210
424.383
424.555
424.728
424.901
425.073
425.246
425.418
425.591
425.763
425.936
426.108
426.281
426.454
426.626
426.799
426.971
427.144
427.316
427.489
427.662
427.834
428.007
428.179
428.352
428.524
428.697
428.870
429.042
429.215
429.387
429.560
429.732
429.905
430.078
430.250
430.423
430.595
430.768
430.940
431.113
431.286
431.458
431.631
431.803
431.976
432.148
432.321
432.494
432.666
432.839
433.011
433.184
433.356
433.529
433.701
433.874
434.047
434.219
434.392
434.564
434.737
434.909
435.082
435.255
435.427
435.600
435.772
435.945
436.117
436.290
436.463
436.635
436.808
436.980
437.153
437.325
437.498
437.671
438.004
438.338
438.638
438.872
439.039
439.372
439.739
439.973
440.073
440.240
440.407
440.740
441.107
441.341
441.441
441.608
441.808
442.142
442.475
442.750
442.852
443.009
443.176
443.510
443.877
444.110
444.210
444.377
444.544
444.911
445.245
445.491
445.574
445.745
445.946
446.279
446.613
446.891
446.970
447.147
447.314
447.647
448.014
448.248
448.348
448.515
448.682
449.015
449.382
449.615
449.718
449.883
450.083
450.417
450.750
451.015
451.117
451.251
451.451
451.785
452.152
452.385
452.485
452.652
452.819
453.186
453.520
453.759
453.826
454.020
454.220
454.554
454.888
455.175
455.250
455.422
455.588
455.922
456.289
456.523
456.623
456.790
456.957
457.324
457.657
457.901
457.975
458.158
458.358
458.692
459.025
459.323
459.390
459.559
459.726
460.060
460.427
460.760
461.094
461.461
461.795
462.128
462.495
462.829
463.163
463.530
463.863
464.197
464.564
464.898
465.231
465.598
465.932
466.266
466.633
466.967
467.300
467.667
468.001
468.335
468.702
469.035
469.369
469.736
470.070
470.403
470.770
471.438
472.138
472.839
473.506
474.207
474.908
475.575
476.276
476.977
477.644
478.345
479.045
479.713
480.413
481.114
481.781
482.482
483.183
483.850
484.551
485.251
485.919
486.619
487.320
487.988
488.688
489.389
490.056
490.757
491.458
492.125
492.826
493.526
494.194
494.894
495.595
496.262
496.963
497.664
498.331
499.032
499.733
500.400
501.101
501.801
503.870
504.204
504.537
504.738
504.904
505.238
505.572
505.939
506.106
506.272
506.606
506.973
507.307
507.474
507.640
508.008
508.341
508.675
508.875
509.042
509.376
509.709
510.076
510.243
510.410
510.744
511.111
511.444
511.611
511.778
512.145
512.479
512.812
513.013
513.179
513.513
513.847
514.214
514.381
514.547
514.881
515.248
515.582
515.749
515.915
516.282
516.616
516.950
517.150
517.317
517.650
517.984
518.351
518.518
518.685
519.019
519.386
519.719
519.886
520.053
520.420
520.754
521.087
521.287
521.454
521.788
522.122
522.489
522.655
522.822
523.156
523.523
523.857
524.024
524.224
524.557
524.891
525.225
525.425
525.592
525.925
526.098
526.270
526.443
526.615
526.788
526.960
527.132
527.305
527.477
527.650
527.822
527.995
528.167
528.340
528.512
528.684
528.857
529.029
529.202
529.374
529.547
529.719
529.892
530.064
530.236
530.409
530.581
530.754
530.926
531.099
531.271
531.444
531.616
531.788
531.961
532.133
532.306
532.478
532.651
532.823
532.995
533.168
533.340
533.513
533.685
533.858
534.030
534.203
534.375
534.547
534.720
534.892
535.065
535.237
535.410
535.582
535.755
535.927
536.099
536.272
536.444
536.617
536.789
536.962
537.134
537.307
537.479
537.651
537.824
537.996
538.169
538.341
538.514
538.686
538.858
539.031
539.203
539.376
539.548
539.721
539.893
540.066
540.238
540.410
540.583
540.755
540.928
541.100
541.273
541.445
541.618
541.790
541.962
542.135
542.307
542.480
542.652
542.825
542.997
543.170
543.342
543.514
543.687
543.859
544.032
544.204
544.377
544.549
544.721
544.894
545.066
545.239
545.411
545.584
545.756
545.929
546.101
546.273
546.446
548.014
548.681
549.382
550.083
550.750
551.451
552.152
552.819
553.520
554.220
554.888
555.588
556.289
556.956
557.657
558.358
559.025
559.726
560.427
561.094
561.795
562.495
563.163
563.863
564.564
565.231
565.932
566.633
567.300
568.001
568.701
569.369
570.070
570.770
603.002
603.369
603.570
603.937
604.104
604.471
604.838
605.004
605.371
605.572
605.939
606.272
606.473
606.840
607.006
607.373
607.740
607.941
608.274
608.475
608.842
609.209
609.375
609.742
609.909
610.276
610.643
610.844
611.211
611.377
611.744
612.112
612.278
612.645
612.846
613.213
613.546
613.746
614.113
614.280
614.647
615.014
615.381
615.748
616.116
616.483
616.816
617.183
617.550
617.917
618.284
618.651
619.018
619.385
619.752
620.120
620.453
620.820
621.187
621.554
621.921
622.288
622.655
623.022
623.389
623.756
624.090
624.457
624.824
625.191
625.558
625.925
626.292
626.659
626.826
627.026
627.393
627.760
628.094
628.294
628.461
628.828
629.195
629.562
629.729
629.929
630.296
630.663
631.030
631.197
631.364
631.731
632.098
632.465
632.665
632.832
633.199
633.566
633.933
634.100
634.300
634.667
635.001
635.368
635.568
635.735
636.102
636.469
636.836
637.003
637.203
637.570
637.937
638.104
638.304
638.471
638.638
638.838
639.005
639.372
639.572
639.739
639.939
640.106
640.273
640.473
640.840
641.007
641.207
641.374
641.574
641.741
641.941
642.275
642.475
642.642
642.842
643.009
643.209
643.376
643.743
643.910
644.110
644.277
644.477
644.644
644.844
645.211
645.378
645.578
645.745
645.912
646.112
646.279
646.646
649.549
650.116
650.650
651.017
651.184
651.384
651.551
651.751
651.918
652.118
652.485
653.019
653.553
653.920
654.120
654.287
654.454
654.654
654.821
655.021
655.388
655.922
656.456
656.823
657.023
657.190
657.390
657.557
657.757
657.924
658.291
658.825
659.392
659.726
659.926
660.093
660.293
660.460
660.660
660.827
661.194
661.728
662.295
662.662
662.829
663.029
663.196
663.396
663.563
663.730
664.097
664.664
665.198
665.565
665.732
665.932
666.099
666.299
666.466
666.666
667.000
667.567
668.101
668.468
668.635
668.835
669.002
669.202
669.369
669.569
669.936
670.470
671.004
672.839
673.206
673.573
673.940
674.274
674.641
675.008
675.375
675.742
676.109
676.476
676.843
677.210
677.544
677.911
678.278
678.645
679.012
679.379
679.746
680.113
680.480
680.847
681.214
681.548
681.915
682.282
682.649
683.016
683.383
683.750
684.117
684.484
684.817
685.184
685.552
685.919
686.286
686.653
687.020
687.387
687.754
688.121
688.488
688.821
689.189
689.556
689.923
690.290
690.657
691.024
691.391
691.758
692.091
692.458
692.825
693.193
693.560
693.927
694.294
694.661
695.028
695.395
695.728
696.095
696.296
696.462
696.663
696.829
697.030
697.197
697.564
697.730
697.931
698.097
698.298
698.464
698.665
699.032
699.199
699.365
699.566
699.732
699.933
700.099
700.466
700.667
700.833
701.000
701.201
701.367
701.568
701.935
702.101
702.302
702.468
702.635
702.835
703.002
703.369
703.570
703.736
703.937
704.103
704.270
704.470
704.837
707.740
708.274
708.841
709.209
709.375
709.576
709.742
709.909
710.109
710.276
710.643
711.211
711.744
712.111
712.278
712.478
712.645
712.845
713.012
713.179
713.546
714.113
714.647
715.014
715.215
715.381
715.548
715.748
715.915
716.115
716.482
717.016
717.550
717.917
718.117
718.284
718.484
718.651
718.818
719.018
719.385
719.567
719.749
719.931
720.113
720.295
720.477
720.659
720.841
721.023
721.205
721.387
721.569
721.751
721.933
722.115
722.297
722.479
722.660
722.842
723.024
723.206
723.388
723.570
723.752
723.934
724.116
724.298
724.480
724.662
724.844
725.026
725.208
725.390
725.572
725.754
725.936
726.118
726.300
726.481
726.663
726.845
727.027
727.209
727.391
727.573
727.755
727.937
728.119
728.301
728.483
728.665
728.847
729.029
729.211
729.393
729.575
729.757
729.939
730.121
730.302
730.484
730.666
730.848
731.030
731.364
731.731
732.098
732.465
732.832
733.199
733.566
733.933
734.300
734.667
735.001
735.368
735.735
736.102
736.469
736.836
737.203
737.570
737.937
738.304
738.638
739.005
739.372
739.739
740.106
740.473
740.840
741.207
741.574
741.941
742.275
742.642
743.009
743.209
743.376
743.743
744.110
744.477
744.644
744.844
745.211
745.578
745.912
746.112
746.279
746.646
747.013
747.380
747.547
747.747
748.114
748.481
748.848
749.015
749.182
749.549
749.916
750.283
750.483
750.650
751.017
751.384
751.751
751.918
752.118
752.485
752.819
753.186
753.386
753.553
753.920
754.287
754.454
754.654
754.821
755.021
755.188
755.388
755.755
755.922
756.122
756.289
756.456
756.656
756.823
757.190
757.390
757.557
757.757
757.924
758.124
758.291
758.658
758.825
759.025
759.192
759.392
759.559
759.759
760.093
760.293
760.460
760.660
760.827
761.027
761.194
761.561
761.728
761.928
762.095
762.295
762.462
762.662
763.029
765.932
766.466
767.000
768.835
769.369
769.936
771.738
772.305
772.839
774.641
775.208
775.742
777.543
778.111
778.645
779.012
779.212
779.379
779.545
779.746
779.912
780.113
780.480
781.014
781.547
781.914
782.115
782.281
782.482
782.649
782.849
783.016
783.383
783.916
784.484
784.851
785.018
785.184
785.385
785.551
785.752
785.918
786.286
786.819
787.387
787.754
787.920
788.121
788.288
788.454
788.655
788.821
789.188
789.370
789.552
789.734
789.915
790.097
790.279
790.461
790.642
790.824
791.006
791.187
791.369
791.551
791.733
791.914
792.096
792.278
792.460
792.641
792.823
793.005
793.186
793.368
793.550
793.732
793.913
794.095
794.277
794.459
794.640
794.822
795.004
795.185
795.367
795.549
795.731
795.912
796.094
796.276
796.458
796.639
796.821
797.003
797.184
797.366
797.548
797.730
797.911
798.093
798.275
798.457
798.638
798.820
799.002
799.184
799.365
800.833
801.015
801.197
801.379
801.560
801.742
801.924
802.105
802.287
802.469
802.651
802.832
803.014
803.196
803.378
803.559
803.741
803.923
804.104
804.286
804.468
804.650
804.831
805.013
805.195
805.377
805.558
805.740
805.922
806.104
806.285
806.467
806.649
806.830
807.012
807.194
807.376
807.557
807.739
807.921
808.103
808.284
808.466
808.648
808.829
809.011
809.193
809.375
809.556
809.738
809.920
810.102
810.283
810.465
810.647
810.828
811.010
812.478
812.660
812.841
813.023
813.204
813.385
813.567
813.748
813.930
814.111
814.293
814.474
814.656
814.837
815.018
815.200
815.381
815.563
815.744
815.926
816.107
816.288
816.470
816.651
816.833
817.014
817.196
817.377
817.558
817.740
817.921
818.103
818.284
818.466
818.647
818.828
819.010
819.191
819.373
819.554
819.736
819.917
820.098
820.280
820.461
820.643
820.824
821.006
821.187
821.368
821.550
821.731
821.913
822.094
822.276
822.457
822.638
822.820
823.001
823.183
823.364
823.546
823.727
823.908
824.090
867.667
867.900
868.101
868.334
868.534
869.168
869.402
869.602
869.836
870.036
870.236
870.903
871.104
871.304
871.537
871.738
871.971
872.605
872.805
873.039
873.239
873.473
873.673
874.307
874.540
874.741
874.974
875.174
875.375
876.042
876.242
876.476
876.676
876.876
877.110
877.744
877.977
878.177
878.378
878.611
878.811
879.479
879.679
879.879
880.113
880.313
880.546
880.947
881.180
881.381
887.387
887.820
888.254
889.088
889.956
890.823
891.691
892.525
893.393
894.260
894.660
895.094
895.328
895.528
895.962
896.829
897.029
897.230
897.463
897.663
898.531
898.731
898.965
899.165
899.399
900.233
900.466
900.666
901.100
901.968
902.168
902.402
902.802
903.669
903.903
904.103
904.337
904.537
905.405
905.605
905.805
906.038
906.239
907.106
907.306
907.540
907.974
908.808
909.041
909.242
909.675
910.543
910.743
910.977
911.177
911.377
912.245
912.478
912.678
912.879
913.112
913.946
914.180
914.380
914.814
915.681
915.882
916.115
916.549
917.383
917.617
917.817
918.017
918.251
919.118
919.318
919.519
919.752
919.952
920.820
921.020
921.254
921.454
921.687
921.888
922.088
922.321
922.522
922.755
922.955
923.189
923.389
924.023
924.257
924.457
924.690
924.891
925.091
925.758
925.958
926.192
926.392
926.592
926.826
927.460
927.693
927.894
928.094
928.327
928.528
929.162
929.395
929.595
929.829
930.029
930.263
930.897
931.097
931.330
931.531
931.764
931.964
932.598
932.832
933.032
933.232
933.466
933.666
934.333
934.534
934.734
934.967
935.168
935.401
935.835
936.035
936.235
936.469
936.669
936.903
937.103
937.737
937.970
938.171
938.404
938.604
938.805
939.472
939.672
939.906
940.106
940.306
940.540
941.174
941.374
941.607
941.808
942.041
942.241
942.875
943.109
943.309
943.543
943.743
943.976
944.610
944.811
945.044
945.244
945.445
945.678
946.312
946.546
946.746
946.979
947.180
947.380
948.047
948.247
949.949
950.383
950.817
951.250
951.684
952.118
952.518
952.952
953.386
953.820
954.253
954.687
955.121
955.521
955.955
956.389
956.823
957.256
957.690
958.090
958.524
958.958
959.392
959.826
960.259
960.660
961.093
961.527
961.961
962.395
962.829
963.262
963.663
964.096
964.530
964.964
965.398
965.832
966.232
966.666
967.099
967.533
967.967
968.401
968.835
969.235
969.669
970.102
970.536
970.736
970.970
971.170
971.404
972.038
972.238
972.472
972.672
972.905
973.105
973.739
973.973
974.173
974.373
974.607
974.807
975.475
975.675
975.875
976.108
976.309
976.542
977.176
977.376
977.610
977.810
978.044
978.244
978.878
979.111
979.312
979.545
979.745
979.946
980.613
980.813
981.047
981.247
981.447
981.681
982.315
982.548
982.748
982.949
983.182
983.382
984.050
984.250
984.450
984.684
985.117
985.952
986.185
986.385
986.619
986.819
987.687
987.887
988.120
988.321
988.521
989.388
989.589
989.822
990.256
991.090
991.324
991.524
991.958
992.825
993.025
993.259
993.459
993.693
994.527
994.760
994.961
995.161
995.394
996.262
996.462
996.662
997.096
997.964
998.397
998.831
999.265
999.665
1000.099
1000.533
1000.967
1001.400
1001.834
1002.235
1002.668
1003.102
1003.536
1003.970
1004.403
1004.804
1005.238
1005.671
1006.105
1006.539
1006.973
1007.406
1007.807
1008.241
1008.674
1009.108
1009.542
1009.976
1010.376
1010.810
1011.244
1011.677
1011.878
1012.111
1012.311
1012.545
1013.179
1013.379
1013.613
1013.813
1014.046
1014.247
1014.881
1015.114
1015.314
1015.548
1015.748
1015.948
1016.616
1016.816
1017.049
1017.250
1017.450
1017.683
1018.317
1018.551
1018.751
1018.951
1019.185
1019.385
1020.019
1020.253
1020.453
1020.686
1020.887
1021.120
1021.754
1021.954
1022.188
1022.388
1022.622
1022.822
1023.456
1023.689
1023.890
1024.090
1024.323
1024.524
1024.957
1025.391
1025.825
1026.259
1026.692
1027.093
1027.527
1027.960
1028.394
1028.828
1029.262
1029.662
1030.096
1030.530
1030.963
1031.397
1031.831
1032.265
1032.665
1033.099
1033.533
1033.966
1034.400
1034.834
1035.234
1035.668
1036.102
1036.536
1036.969
1037.403
1037.837
1038.237
1038.671
1039.105
1039.319
1039.534
1039.748
1039.962
1040.177
1040.391
1040.606
1040.820
1041.034
1041.249
1041.463
1041.678
1041.892
1042.106
1042.321
1042.535
1042.750
1042.964
1043.178
1043.393
1043.607
1043.822
1044.036
1044.250
1044.465
1044.679
1044.893
1045.108
1045.322
1045.537
1045.751
1045.965
1046.180
1046.394
1046.609
1046.823
1047.037
1047.252
1047.466
1047.681
1047.895
1048.109
1048.324
1048.538
1048.753
1048.967
1049.181
1049.382
1049.489
1049.596
1049.704
1049.811
1049.919
1050.026
1050.133
1050.241
1050.348
1050.456
1050.563
1050.670
1050.778
1050.885
1050.993
1051.100
1051.207
1051.315
1051.422
1051.530
1051.637
1051.744
1051.852
1051.959
1052.067
1052.174
1052.281
1052.389
1052.496
1052.604
1052.711
1052.818
1053.452
1053.686
1054.120
1054.520
1055.187
1055.388
1055.821
1056.255
1056.889
1057.089
1057.523
1057.957
1058.591
1058.824
1059.258
1059.659
1060.326
1060.526
1060.960
1061.394
1062.028
1062.261
1062.662
1063.095
1063.763
1063.963
1064.397
1064.830
1065.464
1065.665
1066.098
1066.532
1067.166
1067.400
1067.833
1068.234
1068.901
1069.101
1069.535
1069.969
1070.603
1070.803
1071.237
1071.671
1072.305
1072.538
1072.972
1073.406
1074.040
1074.240
1074.674
1075.107
1075.741
1075.975
1076.409
1076.809
1077.476
1077.677
1078.110
1078.544
1079.178
1079.378
1079.812
1080.246
1080.680
1081.113
1081.547
1081.948
1082.381
1082.815
1083.249
1083.683
1084.116
1084.517
1084.951
1085.384
1085.818
1086.252
1086.686
1087.119
1087.520
1087.954
1088.387
1088.821
1089.255
1089.689
1090.089
1090.523
1090.957
1091.390
1091.824
1092.258
1092.692
1093.092
1093.526
1093.960
1099.966
1100.399
1100.833
1104.236
1104.344
1104.451
1104.559
1104.666
1104.773
1104.881
1104.988
1105.096
1105.203
1105.310
1105.418
1105.525
1105.633
1105.740
1105.847
1105.955
1106.062
1106.170
1106.277
1106.384
1106.492
1106.599
1106.707
1106.814
1106.921
1107.029
1107.136
1107.244
1107.351
1107.458
1107.566
1107.673
1107.873
1108.107
1108.541
1109.375
1109.609
1109.809
1110.042
1110.242
1111.110
1111.310
1111.544
1111.744
1111.978
1112.812
1113.045
1113.245
1113.679
1114.547
1114.747
1114.981
1115.381
1116.248
1116.449
1116.682
1116.882
1117.116
1117.950
1118.184
1118.384
1118.618
1118.818
1119.685
1119.885
1120.119
1120.519
1121.387
1121.601
1121.816
1122.030
1122.245
1122.459
1122.674
1122.888
1123.102
1123.317
1123.531
1123.746
1123.960
1124.175
1124.389
1124.603
1124.818
1125.032
1125.247
1125.461
1125.676
1125.890
1126.104
1126.319
1126.533
1126.748
1126.962
1127.177
1127.391
1127.605
1127.820
1128.034
1128.249
1128.463
1128.678
1128.892
1129.106
1129.321
1129.535
1129.750
1129.964
1130.179
1130.393
1130.607
1130.822
1131.036
1131.251
1131.465
1131.680
1131.894
1132.108
1132.323
1132.537
1132.752
1132.966
1133.181
1133.395
1133.609
1133.824
1134.038
1134.253
1134.467
1134.682
1134.896
1135.110
1135.325
1135.539
1135.754
1135.968
1136.602
1136.836
1137.036
1137.236
1137.470
1137.670
1138.304
1138.537
1138.738
1138.971
1139.171
1139.405
1140.039
1140.239
1140.473
1140.673
1140.906
1141.107
1141.540
1141.974
1142.174
1142.375
1142.608
1142.808
1143.476
1143.676
1143.876
1144.110
1144.310
1144.543
1145.177
1145.378
1145.611
1145.811
1146.045
1146.245
1146.879
1147.113
1147.313
1147.546
1147.747
1147.947
1148.381
1148.814
1149.048
1149.248
1149.448
1149.682
1150.316
1150.516
1150.750
1150.950
1151.183
1151.384
1152.018
1152.251
1152.451
1152.685
1152.885
1153.119
1153.753
1153.953
1154.186
1154.387
1154.620
1154.820
1155.254
1155.688
1155.888
1156.122
1156.322
1156.522
1157.189
1157.390
1157.590
1157.823
1158.024
1158.257
1158.891
1159.091
1159.325
1159.525
1159.759
1159.959
1160.593
1160.826
1161.027
1161.260
1161.460
1161.661
1162.094
1162.528
1206.706
1207.640
1208.574
1209.508
1210.443
1211.377
1212.311
1213.245
1214.146
1214.613
1215.081
1215.548
1216.015
1216.482
1216.949
1217.416
1217.883
1218.350
1218.818
1219.285
1219.752
1220.219
1220.686
1221.153
1221.587
1222.421
1222.755
1223.122
1223.456
1224.290
1224.623
1224.957
1225.324
1226.125
1226.492
1226.826
1227.193
1227.993
1228.360
1228.694
1229.028
1229.862
1230.196
1230.563
1230.896
1231.731
1232.064
1232.398
1232.765
1233.566
1233.933
1234.266
1234.633
1235.434
1235.801
1236.135
1236.469
1237.303
1237.636
1238.003
1238.337
1238.571
1239.171
1239.505
1239.872
1240.206
1240.439
1241.006
1241.373
1241.707
1242.074
1242.308
1242.875
1243.242
1243.576
1243.909
1244.143
1244.744
1245.077
1245.444
1245.778
1246.011
1246.612
1246.946
1247.313
1247.646
1247.880
1248.447
1248.814
1249.148
1249.515
1249.749
1250.316
1250.683
1251.016
1251.383
1251.851
1252.284
1252.752
1253.219
1253.686
1254.153
1254.620
1255.087
1255.554
1256.021
1256.489
1256.956
1257.423
1257.890
1258.357
1258.791
1259.291
1259.725
1260.192
1260.659
1261.127
1261.594
1262.061
1262.528
1262.761
1262.995
1263.229
1263.462
1263.696
1263.929
1264.163
1264.396
1264.630
1264.864
1265.097
1265.331
1265.564
1265.798
1266.031
1266.265
1274.173
1275.074
1276.008
1276.942
1277.877
1278.811
1279.745
1280.679
1281.614
1282.515
1283.449
1284.383
1285.317
1286.252
1287.186
1288.120
1289.054
1289.955
1290.890
1291.824
1292.758
1293.692
1294.627
1295.561
1296.028
1296.495
1296.962
1297.429
1297.863
1298.330
1298.798
1299.265
1299.732
1300.199
1300.666
1301.133
1301.600
1302.067
1302.535
1303.002
1303.469
1304.270
1304.637
1304.970
1305.337
1305.571
1306.138
1306.472
1306.839
1307.173
1307.406
1308.007
1308.340
1308.707
1309.041
1309.275
1309.842
1310.209
1310.543
1310.910
1311.143
1311.710
1312.077
1312.411
1312.778
1313.012
1313.579
1313.913
1314.280
1314.613
1314.847
1315.447
1315.781
1316.148
1316.482
1316.715
1317.316
1317.650
1317.983
1318.350
1318.584
1319.151
1319.518
1319.852
1320.219
1320.452
1321.020
1321.353
1321.720
1322.054
1322.288
1322.888
1323.222
1323.589
1323.923
1324.156
1324.757
1325.090
1325.424
1325.791
1326.025
1326.592
1326.959
1327.293
1327.660
1327.893
1328.460
1328.794
1329.161
1329.495
1329.728
1330.329
1330.663
1331.030
1331.363
1331.597
1332.198
1332.531
1332.865
1333.232
1333.465
1334.033
1334.400
1334.733
1335.100
1335.334
1335.901
1336.268
1336.602
1336.936
1337.169
1337.770
1338.103
1338.470
1338.804
1339.038
1339.638
1339.972
1340.306
1340.673
1340.906
1341.473
1341.841
1342.174
1342.541
1342.775
1343.342
1343.709
1344.043
1344.376
1344.610
1344.843
1345.077
1345.311
1345.544
1345.778
1346.011
1346.245
1346.478
1346.712
1346.946
1347.179
1347.413
1347.646
1347.880
1348.113
1349.048
1349.982
1350.916
1351.817
1352.751
1353.686
1354.620
1355.554
1356.488
1357.423
1358.357
1359.291
1360.192
1361.126
1362.061
1362.995
1363.462
1363.929
1364.396
1364.863
1365.331
1365.798
1366.265
1366.732
1367.199
1367.633
1368.100
1368.567
1369.034
1369.501
1369.969
1370.436
1370.903
1371.370
1371.837
1372.304
1372.771
1373.239
1373.706
1374.173
1374.607
1375.074
1375.541
1376.008
1376.475
1376.942
1377.409
1377.877
1378.344
1378.811
1379.278
1379.745
1380.212
1380.679
1381.146
1381.614
1381.842
1382.071
1382.300
1382.529
1382.758
1382.986
1383.215
1383.449
1383.566
1383.682
1383.799
1383.916
1384.033
1384.149
1384.266
1384.383
1384.500
1384.617
1384.733
1384.850
1384.967
1385.084
1385.200
1385.317
1385.551
1385.784
1386.252
1386.485
1386.952
1387.186
1387.419
1387.653
1388.120
1388.354
1388.821
1389.054
1389.288
1389.521
1389.989
1390.222
1390.656
1390.889
1391.123
1391.357
1391.824
1392.057
1392.524
1392.758
1392.992
1393.225
1393.692
1393.926
1394.393
1394.627
1394.860
1395.094
1395.561
1395.794
1396.262
1396.495
1396.729
1396.962
1397.429
1397.663
1398.097
1398.330
1398.564
1398.797
1399.265
1399.498
1399.965
1400.199
1400.432
1400.666
1401.133
1401.367
1401.600
1401.834
1402.067
1402.301
1402.534
1403.002
1403.235
1403.469
1403.702
1403.936
1404.169
1404.403
1404.870
1405.104
1405.337
1405.571
1405.804
1406.038
1406.238
1406.705
1406.939
1407.172
1407.406
1407.640
1407.873
1408.107
1408.574
1408.807
1409.041
1409.275
1409.508
1409.742
1409.975
1410.442
1410.676
1410.910
1411.143
1411.377
1411.610
1411.844
1412.311
1412.544
1412.778
1413.012
1413.245
1413.479
1413.712
1414.146
1414.380
1414.613
1414.847
1415.080
1415.547
1416.015
1416.248
1416.482
1416.949
1417.416
1417.883
1418.117
1418.350
1418.817
1419.285
1419.752
1419.985
1420.219
1420.686
1421.120
1421.587
1421.820
1422.054
1422.521
1422.988
1423.455
1423.689
1423.923
1424.390
1424.857
1425.324
1425.557
1425.791
1426.258
1426.725
1427.192
1427.426
1427.660
1428.127
1428.560
1429.028
1429.261
1429.495
1429.962
1430.429
1430.896
1431.363
1431.830
1432.298
1432.765
1433.232
1433.699
1434.166
1434.633
1435.100
1435.567
1436.001
1436.468
1436.936
1437.403
1437.870
1438.337
1438.804
1439.271
1439.738
1440.205
1440.673
1441.140
1441.607
1442.074
1442.541
1443.008
1443.475
1443.942
1444.376
1444.843
1482.281
1482.748
1483.215
1483.682
1484.149
1484.616
1485.084
1485.551
1486.018
1486.485
1486.952
1487.419
1487.886
1488.354
1488.854
1489.321
1489.788
1490.255
1490.723
1491.190
1491.657
1492.124
1492.591
1493.058
1493.525
1493.993
1494.460
1494.927
1495.394
1495.861
1496.328
1496.795
1497.262
1497.730
1498.230
1498.697
1499.164
1499.631
1500.099
1500.566
1501.033
1501.500
1501.967
1502.434
1502.901
1503.369
1503.836
1504.303
1504.770
1505.237
1505.704
1506.171
1506.638
1507.106
1507.573
1508.040
1508.540
1509.008
1509.475
1509.942
1510.409
1510.876
1511.343
1511.810
1512.277
1512.745
1513.212
1513.679
1514.146
1514.613
1515.080
1515.547
1516.015
1516.482
1516.949
1517.449
1517.916
1518.384
1518.851
1519.318
1519.785
1520.252
1520.719
1521.186
1521.653
1522.121
1522.588
1523.055
1523.522
1524.223
1524.456
1525.391
1526.091
1526.325
1527.292
1527.993
1528.227
1529.161
1529.862
1530.095
1531.030
1531.730
1531.964
1532.898
1533.599
1533.832
1534.767
1535.467
1535.701
1536.635
1537.369
1537.603
1538.303
1538.537
1539.238
1539.471
1540.172
1540.406
1541.106
1541.340
1542.041
1542.274
1542.975
1543.208
1543.909
1544.143
1544.843
1545.077
1545.778
1546.011
1546.278
1546.512
1546.745
1546.979
1547.212
1547.446
1547.679
1547.913
1548.147
1548.380
1548.614
1548.847
1549.081
1549.314
1549.548
1549.782
1549.898
1550.015
1550.132
1550.249
1550.365
1550.482
1550.599
1550.716
1550.833
1550.949
1551.066
1551.183
1551.300
1551.417
1551.533
1551.650
1551.767
1551.884
1552.000
1552.117
1552.234
1552.351
1552.468
1552.584
1552.701
1552.818
1552.935
1553.051
1553.168
1553.285
1553.402
1553.519
1553.986
1554.453
1554.920
1555.387
1555.854
1556.321
1556.822
1557.289
1557.756
1558.223
1558.690
1559.158
1559.625
1560.092
1560.559
1561.026
1561.493
1561.960
1562.428
1562.895
1563.362
1563.829
1564.296
1564.763
1565.230
1565.697
1566.198
1566.665
1567.132
1567.599
1568.067
1568.534
1569.001
1569.468
1569.701
1569.935
1570.402
1570.869
1571.336
1571.570
1571.804
1572.271
1572.738
1573.205
1573.439
1573.672
1574.139
1574.606
1575.073
1575.307
1575.574
1576.041
1576.508
1576.975
1577.209
1577.443
1577.910
1578.377
1578.844
1579.078
1579.311
1579.778
1580.245
1580.712
1580.946
1581.180
1581.647
1582.114
1582.581
1582.815
1583.048
1583.515
1583.982
1584.450
1584.950
1585.417
1585.884
1586.351
1586.819
1587.286
1587.753
1588.220
1588.687
1589.154
1589.621
1590.089
1590.556
1591.023
1591.490
1591.957
1592.424
1592.891
1593.358
1593.826
1594.293
1594.793
1595.260
1595.727
1596.195
1596.662
1597.129
1597.596
1598.063
1598.530
1598.765
1598.999
1599.233
1599.467
1599.702
1599.936
1600.170
1600.404
1600.639
1600.873
1601.107
1601.342
1601.576
1601.810
1602.044
1602.279
1602.513
1602.747
1602.982
1603.216
1603.450
1603.684
1603.919
1604.153
1604.387
1604.621
1604.856
1605.090
1605.324
1605.559
1605.793
1606.027
1606.261
1606.496
1606.730
1606.964
1607.198
1607.433
1607.667
1607.901
1608.136
1608.370
1608.604
1608.838
1609.073
1609.307
1609.541
1609.775
1609.892
1610.008
1610.125
1610.242
1610.359
1610.476
1610.592
1610.709
1610.826
1610.943
1611.059
1611.176
1611.293
1611.410
1611.527
1611.643
1611.760
1611.877
1611.994
1612.110
1612.227
1612.344
1612.461
1612.578
1612.694
1612.811
1612.928
1613.045
1613.162
1613.278
1613.395
1613.512
1613.979
1614.480
1614.947
1615.414
1615.881
1616.348
1616.815
1617.282
1617.749
1618.217
1618.684
1619.151
1619.618
1620.085
1620.552
1621.019
1621.487
1621.954
1622.421
1622.888
1623.355
1623.822
1624.323
1624.790
1625.257
1625.724
1626.191
1626.658
1627.126
1627.593
1628.060
1628.527
1628.994
1629.228
1629.461
1629.928
1630.395
1630.863
1631.096
1631.330
1631.797
1632.264
1632.731
1632.965
1633.198
1633.665
1634.166
1634.633
1634.867
1635.100
1635.567
1636.034
1636.502
1636.735
1636.969
1637.436
1637.903
1638.370
1638.604
1638.837
1639.304
1639.771
1640.239
1640.472
1640.706
1641.173
1641.640
1642.107
1642.341
1642.574
1643.041
1643.542
1644.243
1644.476
1645.410
1646.111
1646.345
1647.279
1647.980
1648.213
1649.147
1649.848
1650.082
1651.016
1651.717
1651.950
1652.885
1653.619
1653.852
1654.786
1655.487
1655.721
1656.655
1657.356
1657.589
1658.056
1658.290
1658.524
1658.991
1659.224
1659.458
1659.925
1660.159
1660.392
1660.859
1661.093
1661.326
1661.793
1662.027
1662.261
1662.761
1662.995
1663.228
1663.695
1663.929
1664.163
1664.630
1664.863
1665.097
1665.564
1665.797
1666.031
1666.498
1666.732
1666.965
1667.432
1667.666
1667.900
1668.367
1668.600
1668.834
1669.301
1669.535
1669.768
1670.235
1670.469
1670.702
1671.170
1671.403
1671.637
1672.104
1672.371
1672.604
1673.071
1673.305
1673.539
1674.239
1674.473
1675.407
1676.108
1676.341
1677.276
1677.976
1678.210
1679.144
1679.845
1680.078
1681.013
1681.248
1681.484
1681.720
1681.955
1682.191
1682.427
1682.662
1682.898
1683.134
1683.369
1683.605
1683.840
1684.076
1684.312
1684.547
1684.783
1684.900
1685.017
1685.133
1685.250
1685.367
1685.484
1685.601
1685.717
1685.834
1685.951
1686.068
1686.184
1686.301
1686.418
1686.535
1686.652
1686.768
1686.885
1687.002
1687.119
1687.236
1687.352
1687.469
1687.586
1687.703
1687.819
1687.936
1688.053
1688.170
1688.287
1688.403
1688.520
1688.987
1689.454
1689.922
1690.389
1690.856
1691.323
1691.823
1692.291
1692.758
1693.225
1693.692
1694.159
1694.626
1695.093
1695.561
1696.028
1696.495
1696.962
1697.429
1697.896
1698.363
1698.830
1699.298
1699.765
1700.232
1700.699
1701.166
1701.633
1702.134
1702.568
1703.068
1703.535
1704.002
1704.469
1704.937
1705.404
1705.871
1706.338
1706.805
1707.272
1707.739
1708.207
1708.674
1709.141
1709.608
1710.075
1710.542
1711.043
1711.510
1711.977
1712.444
1712.911
1713.378
1713.845
1714.313
1714.780
1715.247
1715.714
1716.181
1716.648
1717.115
1717.583
1718.050
1718.517
1718.751
1718.986
1719.221
1719.455
1719.690
1719.925
1720.159
1720.394
1720.629
1720.863
1721.098
1721.333
1721.567
1721.802
1722.036
1722.271
1722.506
1722.740
1722.975
1723.210
1723.444
1723.679
1723.914
1724.148
1724.383
1724.618
1724.852
1725.087
1725.321
1725.556
1725.791
1726.024
1726.141
1726.258
1726.374
1726.491
1726.608
1726.724
1726.841
1726.958
1727.074
1727.191
1727.308
1727.424
1727.541
1727.658
1727.774
1727.891
1728.008
1728.124
1728.241
1728.358
1728.474
1728.591
1728.708
1728.824
1728.941
1729.058
1729.174
1729.291
1729.408
1729.524
1729.641
1729.758
1729.874
1729.991
1730.108
1730.224
1730.341
1730.458
1730.575
1730.691
1730.808
1730.925
1731.041
1731.158
1731.275
1731.391
1731.508
1731.625
1733.532
1733.999
1734.466
1734.933
1735.400
1735.867
1736.335
1736.802
1737.269
1737.736
1738.203
1738.670
1739.137
1739.605
1740.105
1740.572
1741.039
1741.506
1741.974
1742.441
1742.908
1743.375
1743.842
1744.309
1744.776
1745.244
1745.711
1746.178
1746.645
1747.112
1747.579
1748.046
1748.513
1748.981
1749.214
1749.448
1749.948
1750.415
1750.882
1751.116
1751.350
1751.817
1752.284
1752.751
1752.985
1753.218
1753.685
1754.152
1754.620
1754.853
1755.087
1755.554
1755.988
1756.455
1756.688
1756.922
1757.389
1757.856
1758.323
1758.557
1758.790
1759.258
1759.725
1760.192
1760.425
1760.659
1761.126
1761.593
1762.060
1762.327
1762.561
1763.028
1763.495
1763.962
1764.429
1764.663
1764.896
1765.364
1765.831
1766.298
1766.531
1766.765
1767.232
1767.699
1768.166
1768.400
1768.634
1769.101
1769.568
1770.035
1770.269
1770.502
1770.969
1771.436
1771.937
1772.170
1772.404
1772.871
1773.338
1773.805
1774.039
1774.273
1774.740
1775.207
1775.674
1775.907
1776.141
1776.608
1777.075
1777.542
1777.776
1778.010
1778.477
1778.944
1779.411
1779.878
1780.345
1780.812
1781.280
1781.780
1782.247
1782.714
1783.181
1783.649
1784.116
1784.583
1785.050
1785.517
1785.984
1786.451
1786.918
1787.386
1787.853
1788.320
1788.787
1789.254
1789.721
1790.188
1790.656
1791.123
1791.623
1792.090
1792.557
1793.025
1793.492
1793.959
1794.426
1794.893
1795.360
1795.827
1796.295
1796.762
1797.229
1797.696
1798.163
1798.630
1799.097
1799.564
1800.032
1800.499
1800.999
1801.466
1801.933
1802.401
1802.868
1803.335
1803.802
1804.269
1804.736
1805.203
1805.671
1806.138
1806.605
1807.072
1807.539
1808.006
1808.473
1840.472
1840.939
1841.406
1841.873
1842.341
1842.808
1843.275
1843.742
1844.209
1844.676
1845.143
1845.610
1846.078
1846.545
1847.012
1847.479
1847.979
1848.213
1848.447
1848.914
1849.381
1849.848
1850.082
1850.315
1850.782
1851.249
1851.717
1851.950
1852.184
1852.651
1853.118
1853.585
1853.819
1854.052
1854.519
1854.986
1855.454
1855.687
1855.921
1856.388
1856.855
1857.322
1857.589
1857.823
1858.290
1858.757
1859.224
1859.458
1859.691
1860.158
1860.625
1861.093
1861.326
1861.560
1862.027
1862.494
1862.961
1863.195
1863.428
1863.895
1864.363
1864.830
1865.063
1865.297
1865.764
1866.231
1866.698
1866.932
1867.165
1867.666
1868.133
1868.600
1868.834
1869.067
1869.534
1870.001
1870.469
1870.702
1870.936
1871.403
1871.870
1872.337
1872.571
1872.804
1873.271
1873.739
1874.206
1874.439
1874.673
1875.140
1875.607
1876.074
1876.308
1876.575
1877.042
1877.509
1877.976
1878.210
1878.443
1878.677
1878.910
1879.144
1879.378
1879.845
1880.078
1880.312
1880.545
1880.779
1881.012
1881.246
1881.713
1881.947
1882.180
1882.414
1882.647
1882.881
1883.115
1883.582
1883.815
1884.049
1884.282
1884.516
1884.750
1884.983
1885.450
1885.684
1885.917
1886.151
1886.418
1886.618
1886.885
1887.352
1887.586
1887.819
1888.053
1888.286
1888.520
1888.754
1889.221
1889.454
1889.688
1889.921
1890.155
1890.389
1890.622
1891.089
1891.323
1891.556
1891.790
1892.023
1892.257
1892.491
1892.958
1893.192
1893.426
1893.661
1893.895
1894.129
1894.363
1894.598
1894.832
1895.066
1895.300
1895.535
1895.769
1896.003
1896.238
1896.472
1896.706
1896.940
1897.175
1897.409
1897.643
1897.878
1898.112
1898.346
1898.580
1898.815
1899.049
1899.283
1899.517
1899.752
1899.986
1900.220
1900.455
1900.689
1900.923
1901.157
1901.392
1901.626
1901.860
1902.095
1902.329
1902.563
1902.797
1903.032
1903.266
1903.500
1903.734
1903.969
1904.136
1904.253
1904.370
1904.488
1904.605
1904.722
1904.839
1904.957
1905.074
1905.191
1905.309
1905.426
1905.543
1905.661
1905.778
1905.895
1906.013
1906.130
1906.247
1906.365
1906.482
1906.599
1906.717
1906.834
1906.951
1907.069
1907.186
1907.303
1907.421
1907.538
1907.655
1907.773
1907.973
1908.440
1908.907
1909.374
1909.841
1910.308
1910.776
1911.243
1911.710
1912.177
1912.644
1913.111
1913.578
1914.045
1914.513
1914.980
1915.480
1915.947
1916.415
1916.882
1917.349
1917.816
1918.283
1918.750
1919.217
1919.684
1920.152
1920.619
1921.086
1921.553
1922.020
1922.487
1922.954
1923.188
1923.422
1923.655
1923.889
1924.122
1924.356
1924.823
1925.056
1925.323
1925.557
1925.791
1926.024
1926.258
1926.725
1926.958
1927.192
1927.426
1927.659
1927.893
1928.126
1928.593
1928.827
1929.060
1929.294
1929.528
1929.761
1929.995
1930.462
1930.695
1930.929
1931.163
1931.396
1931.630
1931.863
1932.330
1932.564
1932.798
1933.031
1933.265
1933.498
1933.732
1934.199
1934.666
1935.167
1935.634
1936.101
1936.568
1937.035
1937.502
1937.969
1938.203
1938.437
1938.904
1939.371
1939.838
1940.071
1940.305
1940.772
1941.239
1941.706
1941.940
1942.174
1942.641
1943.108
1943.575
1943.809
1944.042
1944.509
1945.010
1945.477
1945.710
1945.944
1946.411
1946.878
1947.345
1947.579
1947.813
1948.280
1948.747
1949.214
1949.448
1949.681
1950.148
1950.615
1951.082
1951.316
1951.550
1952.017
1952.484
1952.951
1953.185
1953.418
1953.885
1954.386
1954.853
1955.086
1955.320
1955.787
1956.254
1956.721
1956.955
1957.189
1957.656
1958.123
1958.590
1958.824
1959.057
1959.524
1959.991
1960.459
1960.692
1960.926
1961.393
1961.860
1962.327
1962.561
1962.794
1963.261
1963.728
1964.229
1964.463
1964.696
1965.163
1965.630
1966.097
1966.331
1966.565
1967.032
1967.499
1967.966
1968.200
1968.433
1968.667
1968.900
1969.367
1969.835
1970.068
1970.302
1970.535
1970.769
1971.236
1971.703
1971.937
1972.170
1972.404
1972.637
1973.104
1973.605
1973.839
1974.072
1974.306
1974.539
1975.006
1975.474
1975.707
1975.941
1976.174
1976.408
1976.875
1977.342
1977.576
1977.809
1978.043
1978.276
1978.743
1979.211
1979.444
1979.678
1979.911
1980.145
1980.612
1981.079
1981.313
1981.546
1981.780
1982.013
1982.481
1982.981
1983.215
1983.448
1983.682
1983.915
1984.149
1984.382
1984.616
1984.850
1985.083
1985.317
1985.550
1985.784
1986.017
1986.251
1986.484
1986.718
1986.952
1987.185
1987.419
1987.652
1987.886
1988.119
1988.353
1988.587
1988.820
1989.054
1989.287
1989.521
1989.754
1989.988
1990.222
1990.455
1990.572
1990.690
1990.807
1990.924
1991.042
1991.159
1991.276
1991.394
1991.511
1991.628
1991.745
1991.863
1991.980
1992.097
1992.215
1992.332
1992.449
1992.567
1992.684
1992.801
1992.919
1993.036
1993.153
1993.270
1993.388
1993.505
1993.622
1993.740
1993.857
1993.974
1994.092
1994.209
1994.326
1994.443
1994.561
1994.678
1994.795
1994.913
1995.030
1995.147
1995.265
1995.382
1995.499
1995.617
1995.734
1995.851
1995.968
1996.086
1996.203
1996.320
1996.438
1996.555
1996.672
1996.790
1996.907
1997.024
1997.141
1997.259
1997.376
1997.493
1997.611
1997.728
1997.845
1997.963
1998.430
1998.897
1999.364
1999.831
2000.298
2000.765
2001.233
2001.700
2002.167
2002.667
2003.134
2003.602
2004.069
2004.536
2005.003
2005.470
2005.937
2006.404
2006.872
2007.339
2007.806
2008.273
2008.740
2009.207
2009.674
2010.141
2010.609
2011.076
2011.543
2012.010
2012.511
2012.978
2013.211
2013.445
2013.678
2013.912
2014.379
2014.846
2015.080
2015.313
2015.547
2015.780
2016.248
2016.715
2016.948
2017.182
2017.415
2017.649
2018.116
2018.583
2018.817
2019.050
2019.284
2019.518
2019.985
2020.452
2020.569
2020.686
2020.804
2020.921
2021.038
2021.156
2021.273
2021.390
2021.508
2021.625
2021.742
2021.859
2021.977
2022.094
2022.211
2022.329
2022.446
2022.563
2022.681
2022.798
2022.915
2023.032
2023.150
2023.267
2023.384
2023.502
2023.619
2023.736
2023.854
2023.971
2024.088
2024.206
2024.323
2024.440
2024.557
2024.675
2024.792
2024.909
2025.027
2025.144
2025.261
2025.379
2025.496
2025.613
2025.730
2025.848
2025.965
2026.082
2026.200
2026.317
2026.434
2026.552
2026.669
2026.786
2026.904
2027.021
2027.138
2027.255
2027.373
2027.490
2027.607
2027.725
2027.842
2027.959
2042.974
2043.208
2043.441
2043.675
2043.909
2044.142
2044.376
2044.609
2044.843
2045.076
2045.310
2045.543
2045.777
2046.011
2046.244
2046.478
2046.711
2046.945
2047.178
2047.412
2047.646
2047.879
2048.113
2048.346
2048.580
2048.813
2049.047
2049.281
2049.514
2049.748
2049.981
2050.215
2050.448
2050.566
2050.683
2050.800
2050.918
2051.035
2051.152
2051.270
2051.387
2051.504
2051.621
2051.739
2051.856
2051.973
2052.091
2052.208
2052.325
2052.443
2052.560
2052.677
2052.794
2052.912
2053.029
2053.146
2053.264
2053.381
2053.498
2053.616
2053.733
2053.850
2053.968
2054.085
2054.202
2054.319
2054.437
2054.554
2054.671
2054.789
2054.906
2055.023
2055.141
2055.258
2055.375
2055.492
2055.610
2055.727
2055.844
2055.962
2056.079
2056.196
2056.314
2056.431
2056.548
2056.666
2056.783
2056.900
2057.017
2057.135
2057.252
2057.369
2057.487
2057.604
2057.721
2057.839
2057.956
2058.423
2058.890
2059.357
2059.824
2060.325
2060.792
2061.259
2061.726
2062.193
2062.661
2063.128
2063.595
2064.062
2064.529
2064.996
2065.463
2065.931
2066.398
2066.865
2067.332
2067.799
2068.266
2068.733
2069.200
2069.668
2070.135
2070.635
2071.102
2071.570
2072.037
2072.504
2072.971
2073.206
2073.440
2073.675
2073.909
2074.144
2074.379
2074.613
2074.848
2075.083
2075.317
2075.552
2075.787
2076.021
2076.256
2076.491
2076.725
2076.960
2077.194
2077.429
2077.664
2077.898
2078.133
2078.368
2078.602
2078.837
2079.072
2079.306
2079.541
2079.776
2080.010
2080.245
2080.478
2080.595
2080.712
2080.829
2080.946
2081.062
2081.179
2081.296
2081.413
2081.529
2081.646
2081.763
2081.880
2081.997
2082.113
2082.230
2082.347
2082.464
2082.580
2082.697
2082.814
2082.931
2083.048
2083.164
2083.281
2083.398
2083.515
2083.632
2083.748
2083.865
2083.982
2084.099
2084.215
2084.332
2084.449
2084.566
2084.683
2084.799
2084.916
2085.033
2085.150
2085.267
2085.383
2085.500
2085.617
2085.734
2085.850
2085.967
2086.084
2086.201
2086.318
2086.434
2086.551
2086.668
2086.785
2086.901
2087.018
2087.135
2087.252
2087.369
2087.485
2087.602
2087.719
2087.836
2087.953
2126.391
2126.891
2127.359
2127.826
2128.293
2128.760
2129.227
2129.694
2130.161
2130.629
2131.096
2131.563
2132.030
2132.497
2132.964
2133.431
2133.898
2134.366
2134.833
2135.300
2135.800
2136.267
2136.735
2137.202
2137.669
2138.136
2138.603
2139.070
2139.537
2140.005
2140.472
2140.939
2141.406
2141.873
2142.340
2142.807
2143.274
2143.742
2144.209
2144.676
2145.176
2145.644
2146.111
2146.578
2147.045
2147.512
2147.979
2148.446
2148.913
2149.381
2149.848
2150.315
2150.782
2151.249
2151.716
2152.183
2152.651
2153.118
2153.585
2154.052
2154.519
2156.421
2156.888
2157.355
2157.589
2157.822
2158.289
2158.757
2159.224
2159.457
2159.691
2160.158
2160.625
2161.092
2161.326
2161.559
2162.027
2162.494
2162.961
2163.194
2163.428
2163.895
2164.362
2164.863
2165.096
2165.330
2165.797
2166.264
2166.731
2166.965
2167.198
2167.666
2168.133
2168.600
2168.833
2169.067
2169.534
2170.001
2170.468
2170.702
2170.935
2171.403
2171.870
2172.337
2172.804
2173.271
2173.738
2174.239
2174.706
2175.173
2175.640
2176.107
2176.574
2177.042
2177.509
2177.976
2178.443
2178.910
2179.144
2179.377
2179.611
2179.844
2180.078
2180.311
2180.545
2180.779
2181.012
2181.246
2181.479
2181.713
2181.946
2182.180
2182.414
2182.647
2182.766
2182.885
2183.004
2183.123
2183.241
2183.360
2183.479
2183.598
2183.717
2183.836
2183.955
2184.074
2184.192
2184.311
2184.430
2184.549
2186.418
2186.885
2187.352
2187.585
2187.819
2188.053
2188.286
2188.753
2189.220
2189.454
2189.688
2189.921
2190.155
2190.622
2191.089
2191.322
2191.556
2191.790
2192.023
2192.490
2192.957
2193.224
2193.425
2193.692
2193.925
2194.392
2194.859
2195.093
2195.326
2195.560
2195.794
2196.261
2196.728
2196.961
2197.195
2197.429
2197.662
2198.129
2198.596
2198.830
2199.064
2199.297
2199.531
2199.998
2200.465
2200.699
2200.932
2201.166
2201.399
2201.866
2202.333
2202.567
2202.834
2203.034
2203.301
2203.768
2204.235
2204.469
2204.703
2204.936
2205.170
2205.637
2206.104
2206.337
2206.571
2206.805
2207.038
2207.505
2207.972
2208.206
2208.440
2208.673
2208.907
2209.374
2209.841
2210.075
2210.308
2210.542
2210.775
2211.242
2211.710
2211.943
2212.177
2212.410
2212.677
2213.144
2213.611
2213.845
2214.079
2214.312
2214.546
2216.414
2218.283
2220.151
2222.020
2223.922
2229.527
2231.396
2233.298
2235.166
2237.035
2237.969
2238.903
2239.838
2240.772
2241.706
2242.674
2243.608
2244.542
2245.477
2246.411
2246.878
2247.345
2247.812
2248.279
2249.214
2250.148
2250.615
2251.082
2251.549
2252.050
2252.984
2253.918
2254.385
2254.853
2255.320
2255.787
2256.721
2257.655
2258.123
2258.590
2259.057
2259.524
2260.458
2261.426
2261.893
2262.360
2262.594
2262.827
2263.294
2263.762
2264.229
2264.462
2264.696
2265.163
2265.630
2266.097
2266.331
2266.564
2267.031
2267.499
2267.966
2268.199
2268.433
2268.900
2269.367
2269.834
2270.068
2270.301
2270.769
2271.269
2271.736
2271.970
2272.203
2272.670
2273.138
2273.605
2273.838
2274.072
2274.539
2275.006
2275.473
2275.707
2275.940
2276.407
2276.875
2277.342
2277.809
2278.276
2278.743
2279.210
2279.677
2280.178
2280.612
2281.079
2281.546
2282.046
2282.514
2282.981
2283.448
2283.915
2284.382
2284.849
2285.316
2285.784
2286.251
2286.718
2287.185
2287.652
2288.119
2288.586
2289.053
2289.521
2289.988
2290.488
2290.955
2291.422
2291.890
2292.357
2292.590
2292.824
2293.291
2293.758
2294.225
2294.459
2294.692
2295.160
2295.627
2296.094
2296.327
2296.561
2297.028
2297.495
2297.962
2298.196
2298.429
2298.897
2299.364
2299.864
2300.098
2300.331
2300.799
2301.266
2301.733
2301.966
2302.200
2302.667
2303.134
2303.601
2303.835
2304.068
2304.536
2305.003
2305.470
2305.703
2305.937
2306.404
2306.638
2306.871
2307.105
2307.338
2307.572
2307.805
2308.039
2308.273
2308.506
2308.740
2308.973
2309.207
2309.440
2309.674
2309.908
2310.175
2310.291
2310.408
2310.525
2310.642
2310.758
2310.875
2310.992
2311.109
2311.226
2311.342
2311.459
2311.576
2311.693
2311.809
2311.926
2312.043
2313.912
2314.379
2314.846
2315.079
2315.313
2315.547
2315.780
2316.247
2316.714
2316.948
2317.182
2317.415
2317.649
2318.116
2318.583
2318.817
2319.050
2319.284
2319.551
2320.018
2320.485
2320.718
2320.952
2321.186
2321.419
2321.886
2322.353
2322.587
2322.821
2323.054
2323.288
2323.755
2324.222
2324.455
2324.689
2324.923
2325.156
2325.623
2326.090
2326.324
2326.558
2326.791
2327.025
2327.492
2327.959
2328.194
2328.429
2328.664
2328.898
2329.133
2329.368
2329.603
2329.838
2330.073
2330.308
2330.543
2330.777
2331.012
2331.247
2331.482
2331.717
2331.952
2332.187
2332.422
2332.656
2332.891
2333.126
2333.361
2333.596
2333.831
2334.066
2334.301
2334.535
2334.770
2335.005
2335.240
2335.475
2335.710
2335.945
2336.180
2336.414
2336.649
2336.884
2337.119
2337.354
2337.589
2337.824
2338.059
2338.293
2338.528
2338.763
2338.998
2339.233
2339.468
2339.703
2339.938
2340.171
2340.288
2340.405
2340.522
2340.638
2340.755
2340.872
2340.989
2341.105
2341.222
2341.339
2341.456
2341.573
2341.689
2341.806
2341.923
2342.040
2343.908
2344.375
2344.742
2344.843
2344.976
2345.210
2345.310
2345.543
2345.777
2346.244
2346.611
2346.711
2346.845
2347.078
2347.178
2347.412
2347.645
2348.112
2348.479
2348.613
2348.713
2348.947
2349.080
2349.314
2349.547
2350.014
2350.348
2350.481
2350.582
2350.815
2350.949
2351.182
2351.416
2351.883
2352.217
2352.350
2352.450
2352.684
2352.817
2353.051
2353.284
2353.751
2354.118
2354.219
2354.352
2354.586
2354.686
2354.919
2355.153
2355.620
2355.987
2356.087
2356.221
2356.454
2356.554
2356.788
2357.021
2357.488
2357.856
2357.956
2358.089
2358.323
2358.456
2358.690
2358.923
2359.390
2359.724
2359.858
2359.958
2360.191
2360.325
2360.558
2360.792
2361.259
2361.593
2361.726
2361.826
2362.060
2362.193
2362.427
2362.660
2363.127
2363.494
2363.595
2363.728
2363.962
2364.062
2364.295
2364.529
2364.996
2365.363
2365.463
2365.597
2365.830
2365.930
2366.164
2366.397
2366.865
2367.232
2367.365
2367.465
2367.699
2367.832
2368.066
2368.299
2368.766
2369.100
2369.234
2369.334
2369.567
2369.701
2369.934
2370.168
2370.635
2370.969
2371.102
2371.202
2371.436
2371.569
2371.803
2372.036
2372.503
2372.871
2372.971
2373.104
2373.338
2373.438
2373.671
2373.905
2414.245
2414.846
2415.446
2416.047
2416.648
2417.248
2417.849
2418.449
2419.050
2419.651
2420.251
2420.852
2421.452
2422.053
2422.654
2423.254
2423.855
2424.455
2425.056
2425.657
2426.257
2426.858
2427.458
2428.059
2428.660
2428.960
2429.260
2429.861
2430.161
2430.461
2431.062
2431.362
2431.663
2432.230
2432.530
2432.830
2433.431
2433.731
2434.032
2434.632
2434.933
2435.233
2435.833
2436.134
2436.434
2437.035
2437.335
2437.635
2438.269
2438.569
2438.870
2439.470
2439.771
2440.071
2440.672
2440.972
2441.272
2441.873
2442.173
2442.473
2443.074
2443.374
2443.675
2444.275
2444.575
2444.876
2445.476
2447.912
2448.212
2448.513
2448.780
2449.113
2449.380
2449.681
2449.981
2450.281
2450.581
2450.882
2451.182
2451.482
2451.783
2452.083
2452.383
2452.684
2453.284
2453.584
2453.885
2454.185
2454.485
2454.786
2455.386
2455.687
2455.987
2456.287
2456.587
2456.888
2457.488
2457.789
2458.089
2458.389
2458.690
2458.990
2459.290
2459.590
2459.891
2460.191
2460.491
2460.792
2461.092
2461.392
2461.693
2461.993
2462.293
2462.894
2463.194
2463.494
2463.795
2464.095
2464.395
2464.996
2465.296
2465.596
2465.897
2466.197
2466.497
2467.165
2467.765
2468.366
2468.967
2469.567
2470.168
2470.768
2471.369
2471.969
2472.570
2473.171
2473.771
2474.372
2474.973
2475.573
2476.174
2476.741
2477.041
2477.342
2477.942
2478.242
2478.543
2479.143
2479.444
2479.744
2480.345
2480.645
2480.945
2481.546
2481.846
2482.146
2482.747
2483.047
2483.348
2483.948
2484.248
2484.549
2485.149
2485.450
2485.750
2486.384
2486.684
2486.985
2487.285
2487.585
2487.885
2488.186
2488.486
2488.786
2489.087
2489.387
2489.687
2489.988
2490.288
2490.588
2490.888
2491.189
2491.489
2491.789
2492.390
2492.990
2493.591
2493.891
2494.192
2494.792
2495.393
2495.994
2496.294
2496.594
2496.894
2497.195
2497.495
2497.795
2498.096
2498.396
2498.696
2498.997
2499.263
2499.564
2499.864
2500.164
2500.465
2500.765
2501.065
2501.366
2501.966
2502.567
2503.167
2503.468
2503.768
2504.369
2504.969
2505.636
2505.937
2506.237
2506.838
2507.138
2507.438
2508.039
2508.339
2508.639
2509.240
2509.540
2509.841
2510.441
2510.742
2511.042
2511.642
2511.943
2512.243
2512.844
2513.144
2513.444
2514.045
2514.345
2514.645
2515.246
2515.546
2515.847
2516.447
2516.748
2517.048
2517.648
2517.949
2518.216
2518.816
2519.117
2519.417
2520.018
2520.318
2520.618
2521.219
2521.519
2521.819
2522.420
2522.720
2523.021
2523.621
2523.921
2524.222
2524.922
2525.523
2526.124
2526.724
2527.291
2527.892
2528.493
2529.093
2529.694
2530.294
2530.895
2531.496
2532.096
2532.697
2533.297
2533.898
2534.465
2534.766
2535.066
2535.666
2535.967
2536.267
2536.868
2537.168
2537.468
2538.069
2538.369
2538.669
2539.270
2539.570
2539.871
2540.471
2540.772
2541.072
2541.672
2541.973
2542.273
2542.874
2543.174
2543.474
2544.075
2544.375
2544.675
2544.976
2545.276
2545.576
2545.877
2546.177
2546.477
2546.778
2547.078
2547.378
2547.678
2547.979
2548.279
2548.579
2548.880
2549.480
2549.781
2550.081
2550.381
2550.681
2550.982
2551.582
2551.883
2552.183
2552.483
2552.784
2553.084
2553.684
2553.985
2554.285
2554.886
2555.486
2556.087
2556.387
2556.687
2557.288
2557.889
2558.489
2559.090
2559.390
2559.690
2559.991
2560.291
2560.591
2561.192
2561.492
2561.793
2562.093
2562.393
2562.693
2563.327
2563.628
2563.928
2564.228
2564.529
2564.829
2565.129
2565.430
2565.730
2566.030
2566.330
2566.631
2566.931
2567.231
2567.532
2567.832
2568.132
2568.733
2569.033
2569.333
2569.634
2569.934
2570.234
2570.835
2571.135
2571.436
2571.736
2572.036
2572.336
2572.937
2573.237
2573.538
2574.138
2574.739
2575.339
2575.640
2575.940
2576.541
2577.141
2577.742
2578.342
2578.643
2578.943
2579.243
2579.510
2579.811
2580.411
2580.711
2581.012
2581.312
2581.612
2581.913
2582.547
2591.856
2592.457
2593.057
2593.658
2594.258
2594.859
2595.460
2596.060
2596.661
2597.228
2597.829
2598.429
2599.030
2599.630
2600.231
2600.832
2601.432
2601.732
2602.033
2602.333
2602.633
2602.934
2603.234
2603.534
2603.835
2604.135
2604.435
2604.735
2605.036
2605.336
2605.636
2605.937
2606.237
2606.537
2606.838
2607.138
2607.438
2607.738
2608.039
2608.339
2608.639
2608.940
2609.240
2609.540
2609.841
2610.141
2610.441
2610.741
2611.042
2611.192
2611.342
2611.492
2611.642
2611.793
2611.943
2612.093
2612.243
2612.393
2612.543
2612.693
2612.844
2612.994
2613.144
2613.294
2613.444
2614.045
2614.645
2615.246
2615.847
2616.447
2617.048
2617.648
2618.249
2618.850
2619.450
2620.051
2620.651
2621.252
2621.853
2622.453
2623.054
2623.654
2624.255
2624.856
2625.456
2626.057
2626.657
2627.258
2627.859
2628.459
2629.026
2629.627
2630.261
2630.862
2631.429
2631.579
2631.729
2631.879
2632.029
2632.180
2632.330
2632.480
2632.630
2632.930
2633.231
2633.531
2633.831
2634.132
2634.432
2634.732
2635.032
2635.333
2635.633
2635.933
2636.234
2636.534
2636.834
2637.135
2637.435
2637.735
2638.035
2638.336
2638.636
2638.936
2639.237
2639.537
2639.837
2640.138
2640.438
2640.738
2641.038
2641.339
2641.639
2641.939
2642.240
2642.540
2642.840
2643.141
2643.441
2643.741
2644.041
2644.342
2644.642
2644.942
2645.243
2645.543
2645.843
2646.144
2646.444
2646.744
2647.044
2647.345
2647.645
2648.246
2648.546
2648.846
2649.147
2649.447
2649.747
2650.047
2650.648
2650.948
2651.249
2651.549
2651.849
2652.150
2652.450
2653.050
2653.351
2653.651
2653.951
2654.252
2654.552
2654.852
2655.453
2655.753
2656.053
2656.354
2656.654
2656.954
2657.255
2657.855
2658.156
2658.456
2658.756
2659.056
2659.357
2659.657
2660.258
2660.558
2660.858
2661.158
2661.459
2666.831
2667.431
2667.732
2668.032
2668.633
2669.233
2669.834
2670.134
2670.434
2671.035
2671.636
2672.236
2672.537
2672.837
2673.437
2674.038
2674.639
2674.939
2675.239
2675.840
2676.440
2677.041
2677.341
2677.642
2678.242
2678.843
2679.443
2679.744
2680.044
2680.645
2681.245
2681.846
2682.146
2682.446
2683.047
2683.648
2684.248
2684.398
2684.549
2684.699
2684.849
2684.999
2685.149
2685.299
2685.449
2685.750
2686.050
2686.350
2686.651
2686.951
2687.251
2687.552
2687.852
2688.152
2688.452
2688.753
2689.053
2689.353
2689.654
2689.954
2690.254
2690.555
2690.855
2691.155
2691.455
2691.756
2692.056
2692.356
2692.657
2692.957
2693.257
2693.558
2693.858
2694.158
2694.458
2694.759
2695.059
2695.359
2695.660
2695.960
2696.260
2696.561
2696.861
2697.161
2697.428
2697.728
2698.029
2698.329
2698.629
2698.930
2699.230
2699.530
2699.830
2700.131
2700.431
2701.032
2701.332
2701.632
2701.933
2702.233
2702.533
2702.833
2703.434
2703.734
2704.035
2704.335
2704.635
2712.009
2712.443
2712.910
2713.211
2713.511
2713.778
2714.078
2714.245
2714.612
2715.313
2715.947
2716.547
2716.914
2717.515
2718.115
2718.416
2718.716
2719.317
2719.917
2720.518
2720.818
2721.118
2721.719
2722.320
2722.920
2723.221
2723.521
2724.121
2724.722
2725.323
2725.623
2725.923
2726.490
2727.091
2727.692
2727.992
2728.292
2728.893
2729.493
2730.094
2730.394
2730.695
2731.295
2731.896
2732.496
2732.797
2733.097
2733.931
2734.232
2734.532
2734.832
2735.132
2735.433
2735.733
2736.033
2736.334
2736.634
2736.934
2737.235
2737.535
2737.835
2738.135
2738.436
2738.736
2739.036
2739.337
2739.637
2739.937
2740.238
2740.538
2740.838
2741.138
2741.439
2741.739
2742.039
2742.340
2742.640
2742.940
2743.241
2743.541
2743.841
2744.141
2744.442
2744.742
2745.042
2745.343
2745.643
2745.943
2746.244
2746.544
2746.844
2747.144
2747.445
2747.745
2748.045
2748.346
2748.494
2748.643
2748.791
2748.940
2749.089
2749.237
2749.386
2749.535
2749.683
2749.832
2749.981
2750.715
2750.866
2751.018
2751.170
2751.321
2751.473
2751.625
2751.776
2751.928
2752.080
2752.231
2752.383
2753.117
2753.267
2753.417
2753.567
2753.718
2753.868
2754.018
2754.168
2754.318
2754.468
2754.619
2754.769
2754.919
2755.069
2755.219
2755.369
2755.519
2755.670
2755.820
2755.970
2756.120
2756.270
2756.420
2756.570
2756.721
2756.871
2757.021
2757.171
2757.321
2757.471
2757.622
2757.772
2757.922
2758.072
2758.222
2758.372
2758.522
2758.673
2758.823
2758.973
2759.123
2759.273
2759.423
2759.573
2759.724
2759.874
2760.024
2760.174
2760.324
2760.474
2760.625
2760.775
2760.925
2761.075
2761.225
2761.375
2761.525
2761.676
2761.826
2761.976
2762.126
2762.276
2762.426
2762.576
2762.727
2762.877
2763.027
2763.177
2763.327
2763.477
2763.628
2763.778
2763.928
2764.078
2764.228
2764.378
2764.528
2764.679
2764.829
2764.979
2765.129
2765.279
2765.429
2765.579
2765.730
2765.880
2766.030
2766.180
2766.330
2766.480
2766.631
2766.781
2766.931
2767.081
2767.231
2767.381
2767.531
2767.682
2767.832
2767.982
2768.132
2768.282
2768.432
2768.582
2768.733
2768.883
2769.033
2769.183
2769.333
2769.483
2769.634
2769.784
2769.934
2770.084
2770.234
2770.384
2770.534
2770.685
2770.835
2770.985
2771.135
2771.285
2771.435
2771.585
2771.736
2771.886
2772.036
2772.186
2772.336
