60.039
60.506
60.973
61.440
61.924
62.391
62.842
63.309
63.776
64.243
64.710
65.177
65.661
66.128
66.595
67.063
67.513
67.997
68.447
68.931
69.415
69.882
70.349
70.816
71.284
71.751
72.218
72.685
73.169
73.636
74.103
74.570
75.037
75.505
75.955
76.439
76.923
77.390
77.857
78.324
78.791
79.242
79.709
80.176
80.660
81.127
81.594
82.061
82.512
82.996
83.463
83.930
84.414
84.881
85.348
85.815
86.282
86.750
87.217
87.684
88.168
88.635
89.102
90.036
90.503
90.971
91.438
91.922
92.389
92.856
93.323
93.790
94.257
94.725
95.192
95.675
96.126
96.593
97.060
97.527
97.995
98.462
98.929
99.413
99.880
100.347
100.814
101.281
101.748
102.199
102.683
103.167
103.634
104.101
104.568
105.035
105.502
105.969
106.437
106.920
107.388
107.838
108.322
108.789
109.256
109.723
110.174
110.674
111.141
111.609
112.076
112.543
112.993
113.461
113.928
114.412
114.879
115.346
115.813
116.280
116.747
117.214
117.682
118.165
118.633
119.100
119.567
120.034
120.501
120.952
121.435
121.919
122.386
122.854
123.321
123.788
124.238
124.722
125.189
125.673
126.140
126.607
127.075
127.542
128.009
128.476
128.943
129.410
129.878
130.345
130.812
131.279
131.746
132.213
132.680
133.164
133.631
134.099
134.566
135.016
135.500
135.967
136.434
136.918
137.385
137.852
138.320
138.787
139.254
139.721
140.188
140.672
141.139
141.606
142.073
142.541
143.008
143.475
143.942
144.426
144.893
145.360
145.827
146.261
146.745
147.212
147.679
148.163
148.630
149.097
149.565
150.032
150.499
150.966
151.433
151.917
152.384
152.851
153.318
153.786
154.236
154.720
155.187
155.671
156.138
156.588
157.072
157.539
158.007
158.474
158.941
159.425
159.892
160.359
160.826
161.293
161.760
162.228
162.678
163.162
163.629
164.096
164.563
165.014
165.498
165.965
166.432
166.916
167.383
167.850
168.317
168.784
169.235
169.719
170.186
170.670
171.137
171.587
172.071
172.538
172.989
173.473
173.940
174.424
174.891
175.358
175.825
176.292
176.759
177.210
177.694
178.177
178.645
179.112
179.562
180.029
180.497
180.964
181.431
181.915
182.382
182.849
183.316
183.783
184.250
184.718
185.185
185.669
186.136
186.603
187.070
187.537
188.004
188.471
188.939
189.422
189.890
190.357
190.824
191.291
191.758
192.225
192.692
193.176
193.643
194.111
194.578
195.045
195.512
195.963
196.430
196.914
197.381
197.848
198.315
198.782
199.249
199.716
200.184
200.651
201.135
201.585
202.069
202.536
203.003
203.454
203.937
204.421
204.872
205.356
205.823
206.290
206.757
207.224
207.691
208.175
208.642
209.109
209.577
210.044
225.043
225.977
226.928
227.862
228.796
229.714
230.665
231.599
232.534
233.485
234.419
236.288
237.222
238.190
239.107
240.041
240.976
241.927
242.861
243.795
244.746
245.681
246.598
247.533
248.467
250.352
251.286
253.172
254.106
255.040
255.975
256.926
257.860
258.794
259.728
261.614
262.548
263.466
264.417
265.351
266.285
270.073
270.506
270.973
271.441
271.924
272.392
272.859
273.326
273.793
274.260
274.727
275.194
275.678
276.145
276.613
277.080
277.547
277.997
278.481
278.948
279.415
279.883
280.350
280.817
281.284
281.751
282.202
282.686
283.169
283.637
284.104
284.571
285.038
285.505
285.972
286.439
286.923
287.390
287.858
288.325
288.792
289.259
289.709
290.193
290.677
291.144
291.611
292.079
292.546
293.013
293.480
293.947
294.431
294.898
295.365
295.832
296.266
296.750
297.201
297.684
298.152
298.635
299.103
299.570
300.037
300.504
300.971
301.438
301.922
302.389
302.856
303.324
303.791
304.258
304.725
305.192
305.676
306.143
306.610
307.077
307.545
308.012
308.479
308.946
309.430
309.897
310.364
310.831
311.298
311.766
312.233
312.683
313.167
313.634
314.101
314.569
315.036
315.503
315.970
316.437
316.921
317.388
317.855
318.322
318.790
319.257
319.724
320.191
320.675
321.142
321.609
322.076
322.543
323.011
323.478
323.945
324.429
324.896
325.363
325.830
326.297
326.764
327.232
327.699
328.183
328.650
329.100
329.567
330.035
330.502
330.969
331.419
331.920
332.370
332.854
333.305
333.788
334.256
334.723
335.190
335.674
336.141
336.608
337.075
337.542
338.009
338.477
338.944
339.411
339.895
340.362
340.829
341.279
341.747
342.230
342.698
343.181
343.649
344.116
344.583
345.050
345.517
345.968
346.418
346.919
347.386
347.853
348.320
348.787
349.254
349.722
350.189
350.673
351.140
351.607
352.074
352.541
353.008
353.475
353.943
354.426
354.894
355.361
355.828
356.295
356.762
357.229
357.696
358.180
358.647
359.098
359.582
360.049
360.516
360.983
361.450
361.934
362.401
362.852
363.319
363.786
364.253
364.720
365.188
365.671
366.139
366.606
367.073
367.540
368.007
368.474
368.941
369.425
369.892
370.360
370.810
371.294
371.761
372.228
372.695
373.162
373.646
374.113
374.581
375.048
375.515
375.982
376.449
376.933
377.400
377.867
378.334
378.802
379.269
379.719
380.186
380.670
381.137
381.605
382.072
382.539
383.006
383.473
383.940
384.424
384.891
385.358
385.809
386.293
386.760
387.227
387.694
390.047
390.514
390.981
391.448
391.915
392.382
392.849
393.317
393.784
394.234
394.718
395.185
395.652
396.103
396.570
397.037
397.488
397.955
398.422
398.889
399.356
399.807
400.274
400.741
401.175
401.659
402.126
402.576
403.043
403.494
403.961
404.411
404.879
405.329
405.796
406.247
406.714
407.164
407.615
408.082
408.532
408.983
409.433
409.900
410.351
410.801
411.269
411.719
412.169
412.620
413.054
413.521
413.971
414.422
414.872
415.306
415.773
416.224
416.674
417.125
417.575
418.026
418.476
418.910
448.040
448.474
448.924
449.375
449.792
450.259
450.709
451.160
451.610
452.061
452.511
452.945
453.395
453.846
454.296
454.747
455.197
455.648
456.098
456.515
456.982
457.433
457.883
458.334
458.768
459.235
459.669
460.119
460.569
461.020
461.470
461.904
462.371
462.572
462.788
463.005
463.222
463.473
463.673
463.923
464.140
464.373
464.574
464.791
465.024
465.258
465.491
465.691
465.925
466.142
466.359
466.592
466.809
467.043
467.260
467.493
467.710
467.927
468.161
468.378
468.611
468.828
469.062
469.279
469.512
469.729
469.963
470.179
470.413
470.630
470.847
471.097
471.314
471.514
471.764
471.981
472.198
472.432
472.665
472.882
476.686
477.137
477.587
478.038
478.488
478.938
479.372
479.806
480.257
480.707
481.157
481.608
482.058
482.509
482.943
483.393
483.844
484.294
484.744
485.178
485.645
486.096
486.513
486.980
487.431
487.864
488.332
488.782
489.232
489.650
490.117
490.567
491.018
491.468
491.919
492.352
492.803
493.253
493.704
494.138
494.605
495.055
495.506
495.956
496.373
496.824
497.274
497.725
498.175
498.626
499.076
499.526
499.960
500.411
500.861
501.312
501.762
502.213
502.663
503.097
503.547
505.800
506.233
506.684
507.134
507.585
508.035
508.486
508.936
509.387
509.820
510.271
510.721
511.172
511.622
512.073
512.523
512.940
513.391
513.841
514.292
514.742
515.193
515.643
516.094
516.527
516.978
517.428
517.879
518.329
518.780
519.230
519.664
520.114
520.565
521.015
521.466
521.916
522.367
522.817
523.251
523.685
524.152
524.602
525.053
525.503
525.954
526.388
526.838
527.288
527.739
528.189
528.640
529.090
529.524
529.958
530.408
530.859
531.309
531.760
532.210
532.661
533.094
533.528
533.995
548.344
548.527
548.761
549.228
549.662
550.112
550.329
550.546
551.013
551.463
551.914
552.114
552.348
552.815
553.249
553.699
553.916
554.133
554.600
555.051
555.501
555.718
555.935
556.385
556.836
557.286
557.503
557.720
558.187
558.638
559.088
559.305
559.522
559.972
560.423
560.857
561.090
561.307
561.774
562.225
562.658
562.859
563.092
563.543
563.976
564.444
564.660
564.877
565.345
565.795
566.229
566.446
566.663
567.130
567.580
568.031
568.231
568.464
568.932
569.382
569.816
570.033
570.250
570.717
571.167
571.618
571.818
572.051
572.519
572.952
573.403
573.620
573.837
574.304
574.738
575.205
575.422
575.638
576.106
576.539
576.990
577.223
577.440
577.891
578.341
578.792
579.009
579.242
579.659
580.093
580.560
580.777
580.994
581.461
581.912
582.362
582.579
582.813
583.246
583.697
584.147
584.381
584.581
585.048
585.499
585.949
586.149
586.383
586.833
587.284
587.734
587.935
588.185
588.635
589.086
589.536
589.736
589.970
590.420
590.871
591.321
591.522
591.755
592.222
592.673
593.107
593.323
593.557
594.007
594.458
594.908
595.109
595.359
595.809
596.226
596.677
596.910
597.127
597.578
598.028
598.479
598.679
598.929
599.380
599.813
600.264
600.481
600.698
601.165
601.615
602.066
602.283
602.500
602.950
603.401
603.851
604.068
604.301
604.752
605.202
605.653
605.853
606.087
606.537
606.988
607.438
607.655
607.889
608.322
608.789
609.240
609.440
609.657
610.124
610.575
611.025
611.225
611.459
611.926
612.376
612.810
613.027
613.227
613.695
614.145
614.595
614.812
615.046
615.496
615.947
616.364
616.598
616.831
617.282
617.732
618.182
618.399
618.633
619.083
619.534
619.968
620.201
620.418
620.869
621.319
621.770
621.986
622.220
622.670
623.104
623.555
623.772
623.988
624.456
624.906
625.357
625.573
625.807
626.241
626.691
627.142
627.375
627.592
628.043
628.493
628.944
629.144
629.361
629.811
630.262
630.712
630.946
631.163
631.613
632.064
632.514
632.731
632.931
633.398
633.849
647.947
648.347
648.731
649.131
649.565
649.965
650.366
650.766
651.167
651.584
651.984
652.401
652.802
653.202
653.619
654.020
654.420
654.837
655.237
655.621
656.055
656.439
656.856
657.273
657.673
658.074
658.491
658.891
659.292
659.709
660.109
660.510
660.927
674.708
675.508
676.326
677.127
677.944
678.762
679.546
680.363
681.181
681.982
682.799
683.617
684.418
685.235
686.053
686.854
687.271
687.671
688.071
688.489
688.872
689.289
689.706
690.107
690.507
690.924
691.325
691.725
692.142
692.543
692.926
693.360
693.761
694.144
694.578
694.979
695.362
695.779
696.180
696.580
696.981
697.398
697.798
698.199
698.616
699.016
699.400
699.834
700.217
700.634
701.035
701.452
701.836
702.269
702.670
703.070
703.487
703.888
704.288
704.705
705.106
705.506
705.923
706.324
706.724
707.141
707.542
707.942
708.359
708.743
709.160
709.577
709.977
710.378
710.762
711.179
711.596
711.996
712.413
712.797
712.981
713.181
713.398
713.598
713.798
713.998
714.198
714.399
714.616
714.816
715.016
715.216
715.416
715.617
715.833
716.034
716.234
716.434
716.634
716.835
717.051
717.252
717.452
717.652
717.852
718.052
718.253
718.470
718.670
718.870
719.087
719.270
719.487
719.687
719.888
720.088
720.288
720.488
720.688
720.905
721.106
721.306
721.506
721.706
721.906
722.140
722.340
722.524
722.741
722.924
723.124
723.358
723.541
723.758
723.942
724.142
724.342
724.559
724.759
724.960
725.160
725.377
725.560
725.760
726.194
726.595
726.995
727.412
727.813
728.213
728.630
729.030
729.414
729.831
730.232
730.632
731.049
731.450
731.850
732.250
732.668
733.068
733.485
733.885
734.286
734.703
735.103
735.504
735.921
736.321
736.705
737.139
737.539
737.940
738.357
738.757
739.158
739.575
739.975
740.376
740.776
741.193
741.593
741.994
742.411
742.811
743.212
743.629
744.029
744.430
744.847
745.247
745.631
746.031
746.448
746.849
747.266
747.666
748.067
748.484
748.884
749.285
749.702
750.102
750.503
750.920
751.320
751.704
752.138
752.538
752.939
753.356
753.739
754.156
754.574
754.974
755.374
755.775
756.192
756.592
756.976
757.410
757.810
758.211
758.628
759.028
759.412
759.829
760.246
760.646
761.064
761.464
761.864
762.282
762.665
763.066
763.483
763.883
764.284
764.701
765.501
766.319
767.120
767.937
768.755
769.556
770.373
771.191
771.992
772.809
773.627
774.427
775.245
776.062
776.863
777.681
778.498
779.299
780.100
780.917
781.718
782.536
783.337
784.154
784.972
785.772
786.590
787.407
788.208
789.026
789.843
790.644
791.462
792.279
793.080
793.898
794.715
795.516
796.317
797.118
797.935
798.769
799.553
800.371
801.188
801.989
802.807
803.624
804.025
804.425
804.842
805.243
805.626
806.060
806.461
806.861
807.278
807.678
808.062
808.496
808.896
809.297
809.714
810.114
810.515
810.932
811.332
811.733
812.150
812.550
812.934
813.351
813.751
814.152
814.569
814.969
815.370
815.770
816.171
816.588
816.988
817.405
817.806
818.206
818.623
819.024
819.424
819.841
820.241
820.642
821.059
821.459
821.860
822.277
822.677
823.078
823.495
823.895
824.296
824.713
825.113
825.514
825.931
826.331
826.731
827.149
827.549
827.949
828.367
828.767
829.167
829.568
829.751
829.951
830.152
830.369
830.569
830.752
830.986
831.169
831.386
831.587
831.787
831.970
832.204
832.404
832.621
832.804
833.005
833.205
833.405
833.622
833.805
834.006
834.223
834.423
834.623
834.823
835.040
835.240
835.424
835.624
835.858
836.041
836.258
836.458
836.658
836.859
837.059
837.259
837.459
837.659
837.876
838.060
838.277
838.477
838.677
838.877
839.094
839.278
839.495
839.695
839.895
840.095
840.296
840.496
840.696
840.929
841.130
841.330
841.530
841.730
841.931
842.131
842.331
842.531
842.948
843.365
843.766
844.166
844.583
844.984
845.384
845.785
846.185
846.585
846.969
847.403
847.803
848.204
848.621
849.005
849.422
849.839
850.239
850.640
851.057
851.457
851.857
852.258
852.675
853.075
853.492
853.893
854.293
854.710
855.111
855.511
855.928
856.329
856.729
857.146
857.547
857.947
858.364
858.748
859.165
859.582
859.983
860.383
860.783
861.200
861.601
862.001
862.418
862.802
863.186
863.620
864.020
864.420
864.838
865.238
865.638
866.055
866.456
866.856
867.273
867.674
868.074
868.491
868.892
869.292
869.709
870.110
870.510
870.927
871.328
871.728
872.145
872.546
872.946
873.363
873.763
874.164
874.581
874.981
875.382
875.782
876.199
876.600
877.000
877.417
877.818
878.218
878.635
879.036
879.419
879.836
880.237
880.637
881.054
881.455
881.855
882.272
882.673
883.073
883.490
883.891
884.291
884.708
885.109
885.509
885.926
886.326
886.710
887.144
887.544
887.945
888.362
888.762
889.163
889.580
889.980
890.381
890.781
891.198
891.582
891.999
892.416
892.816
893.217
893.634
894.034
894.435
894.852
895.252
895.653
896.053
896.437
896.854
897.271
897.655
898.055
898.489
898.889
899.290
899.707
900.107
900.491
900.925
901.325
901.709
902.143
902.543
902.944
903.361
903.761
904.162
904.579
904.962
905.379
905.763
906.197
906.597
906.998
907.415
907.815
908.199
908.633
909.017
909.434
909.851
910.251
910.635
911.069
911.469
911.870
912.287
912.670
913.054
913.488
913.888
914.289
914.706
915.106
915.507
915.924
916.324
916.725
917.142
917.542
917.942
918.360
918.743
919.144
919.577
919.978
920.362
933.091
933.876
934.660
935.427
936.195
936.979
937.746
938.514
939.281
940.049
940.799
941.567
942.318
943.085
943.836
944.587
945.337
945.721
946.055
946.455
946.822
947.206
947.573
947.957
948.324
948.708
949.075
949.458
949.809
950.209
950.560
950.960
951.310
951.711
952.078
952.462
952.829
953.212
953.579
953.963
954.330
954.714
955.081
955.465
955.832
956.215
956.582
956.949
957.333
957.700
958.084
958.468
958.818
959.218
959.586
959.953
960.336
960.720
961.087
961.454
961.821
962.222
962.572
962.956
963.323
963.706
964.074
964.441
964.808
965.208
965.558
965.959
966.309
966.710
967.077
967.444
967.811
968.211
969.329
969.713
970.080
970.463
970.814
971.214
971.565
971.965
972.332
972.716
973.083
973.467
973.817
974.217
974.568
974.968
975.318
975.719
976.086
976.453
976.820
977.220
977.571
977.971
978.338
978.705
979.089
979.456
979.806
980.207
980.557
980.941
981.308
981.708
982.075
982.443
982.810
983.210
983.577
983.961
984.311
984.712
985.079
985.462
985.813
986.213
986.580
986.947
987.331
987.715
988.082
988.465
988.816
989.216
989.583
989.967
990.334
990.718
991.068
991.469
991.836
992.203
992.586
992.953
993.337
993.721
994.088
994.472
994.839
995.222
995.573
995.956
996.324
996.707
997.058
997.458
997.825
998.192
998.559
998.943
999.310
999.694
1000.061
1000.461
1000.828
1001.195
1001.579
1001.963
1002.313
1002.713
1003.081
1003.464
1003.815
1004.215
1004.565
1004.966
1005.333
1005.700
1006.084
1006.467
1006.834
1007.201
1007.568
1007.936
1008.303
1008.670
1009.053
1009.420
1009.787
1010.138
1010.522
1010.889
1011.256
1011.623
1011.990
1012.323
1012.690
1013.057
1013.408
1013.775
1014.125
1014.492
1014.843
1015.210
1015.560
1015.910
1016.277
1016.628
1016.978
1017.329
1017.679
1018.029
1018.396
1018.747
1019.097
1019.447
1019.814
1020.148
1020.515
1020.866
1021.216
1021.566
1021.933
1022.284
1022.634
1022.984
1023.318
1023.668
1024.052
1024.386
1024.753
1025.087
1025.437
1025.821
1026.171
1026.521
1026.872
1027.205
1027.573
1027.940
1028.290
1028.624
1028.991
1029.324
1029.675
1030.042
1030.392
1030.726
1031.093
1031.443
1031.794
1032.161
1032.511
1032.861
1033.195
1033.545
1033.912
1034.279
1034.630
1034.980
1035.331
1035.681
1036.048
1036.398
1036.749
1037.099
1037.433
1037.816
1038.167
1038.517
1039.568
1039.935
1040.286
1040.619
1040.986
1041.337
1041.670
1042.054
1042.405
1042.738
1043.105
1043.456
1043.806
1044.173
1044.523
1044.874
1045.207
1045.574
1045.942
1046.275
1046.626
1046.976
1047.326
1047.677
1048.027
1048.394
1048.728
1049.095
1049.445
1049.812
1050.146
1050.513
1050.847
1051.214
1051.564
1051.914
1052.281
1052.632
1052.965
1053.332
1053.666
1054.050
1054.384
1054.751
1055.084
1055.451
1055.818
1056.169
1056.519
1056.853
1057.203
1057.570
1057.937
1058.271
1058.638
1058.988
1059.339
1059.689
1060.056
1060.390
1060.740
1061.107
1061.441
1061.825
1062.175
1062.525
1062.842
1063.209
1063.560
1063.927
1064.277
1064.627
1064.978
1065.328
1065.679
1066.029
1066.379
1066.746
1067.097
1067.430
1067.814
1068.164
1068.515
1068.865
1069.216
1069.549
1069.933
1070.283
1070.634
1070.984
1071.334
1071.668
1072.052
1072.402
1072.753
1073.103
1073.453
1073.804
1074.154
1074.504
1074.855
1075.205
1075.555
1075.939
1076.273
1076.623
1076.990
1077.341
1077.674
1078.041
1078.392
1078.759
1079.109
1079.443
1079.810
1080.160
1080.494
1080.861
1081.211
1081.562
1081.929
1082.262
1082.629
1082.963
1083.330
1083.681
1084.048
1084.381
1084.732
1085.099
1085.449
1085.799
1086.166
1086.517
1086.850
1087.201
1087.551
1087.902
1088.252
1088.602
1088.953
1089.320
1089.670
1090.004
1090.337
1090.688
1091.055
1091.389
1091.756
1092.106
1092.423
1092.773
1093.124
1093.491
1093.824
1094.175
1094.508
1094.842
1095.209
1095.526
1095.876
1096.227
1096.544
1096.911
1097.245
1097.595
1097.929
1098.279
1098.629
1098.946
1099.313
1099.647
1099.997
1100.314
1100.681
1101.015
1101.349
1101.716
1102.033
1102.383
1102.734
1103.067
1103.418
1103.751
1104.118
1104.435
1104.786
1105.119
1106.871
1107.205
1107.539
1107.872
1108.223
1108.556
1108.923
1109.240
1109.591
1109.924
1110.275
1110.642
1110.959
1111.309
1111.643
1111.993
1112.344
1112.677
1113.028
1113.361
1113.712
1114.029
1114.379
1114.729
1115.063
1115.413
1115.747
1116.097
1117.849
1118.166
1118.517
1118.850
1119.184
1119.534
1119.868
1120.235
1120.552
1120.919
1121.253
1121.603
1121.937
1122.287
1122.637
1122.971
1123.322
1123.655
1124.006
1124.339
1124.673
1125.040
1125.357
1125.724
1126.058
1126.408
1126.742
1127.092
1129.128
1129.478
1129.812
1130.162
1130.512
1130.846
1131.196
1131.530
1131.880
1132.214
1132.548
1132.898
1133.232
1133.599
1133.916
1134.266
1134.633
1134.967
1135.317
1135.651
1135.985
1136.335
1136.669
1137.036
1137.369
1137.703
1138.037
1138.387
1138.721
1139.071
1139.422
1139.755
1145.294
1145.945
1146.629
1147.313
1147.997
1148.681
1149.365
1150.049
1150.733
1151.434
1152.118
1152.802
1153.486
1154.170
1154.871
1155.538
1156.239
1156.923
1157.607
1158.291
1158.975
1159.659
1160.343
1161.044
1161.728
1162.412
1163.063
1163.747
1164.414
1165.081
1165.749
1166.399
1167.067
1167.350
1167.701
1168.001
1168.335
1168.652
1168.985
1169.302
1169.636
1169.953
1170.287
1170.604
1170.937
1171.254
1171.571
1171.905
1172.222
1172.572
1172.889
1173.206
1173.523
1173.874
1174.174
1174.524
1174.825
1175.158
1175.475
1175.792
1176.143
1176.443
1176.777
1177.094
1177.427
1177.744
1178.095
1178.395
1178.729
1179.046
1179.363
1179.680
1180.013
1180.330
1180.647
1180.998
1181.315
1181.632
1181.949
1182.299
1182.599
1182.933
1183.250
1183.567
1183.901
1184.235
1184.552
1184.869
1185.219
1185.519
1185.870
1186.170
1186.504
1186.821
1187.154
1187.471
1187.788
1188.122
1188.439
1188.773
1189.090
1189.423
1189.740
1190.074
1190.408
1190.741
1191.042
1191.359
1191.692
1192.009
1192.360
1192.660
1192.994
1193.311
1193.644
1193.978
1194.312
1194.629
1194.962
1195.263
1195.580
1195.913
1196.214
1196.564
1196.864
1197.198
1197.515
1197.849
1198.166
1198.516
1198.816
1199.150
1199.467
1199.784
1200.118
1200.435
1200.768
1201.085
1201.419
1201.753
1202.086
1202.403
1202.720
1203.054
1203.354
1204.689
1204.989
1205.306
1205.640
1205.974
1206.291
1206.608
1206.941
1207.258
1207.575
1207.909
1208.226
1208.560
1208.877
1209.210
1209.527
1209.861
1210.178
1210.528
1210.829
1211.179
1211.479
1211.796
1212.147
1212.447
1212.764
1213.081
1213.415
1213.748
1214.065
1214.382
1214.716
1215.033
1215.350
1215.684
1216.001
1216.334
1216.651
1216.985
1217.319
1217.636
1217.953
1218.303
1218.603
1218.937
1219.254
1219.571
1219.921
1220.222
1220.555
1220.872
1221.206
1221.523
1221.873
1222.174
1222.507
1222.824
1223.158
1223.475
1223.792
1224.126
1224.443
1224.776
1225.093
1225.427
1225.744
1226.078
1226.395
1226.728
1227.045
1227.362
1227.696
1228.013
1228.347
1228.664
1228.997
1229.314
1229.631
1229.948
1230.282
1230.599
1230.933
1231.250
1231.567
1231.900
1232.217
1232.551
1232.868
1233.202
1233.519
1233.869
1234.169
1234.503
1234.820
1235.171
1235.471
1235.788
1236.122
1236.438
1236.772
1237.089
1237.423
1237.740
1238.074
1238.391
1238.724
1239.058
1239.358
1239.709
1240.009
1240.359
1240.660
1240.993
1241.310
1241.661
1241.961
1242.295
1242.612
1242.945
1243.262
1243.579
1243.930
1244.230
1244.564
1244.881
1245.214
1245.531
1245.865
1261.765
1262.415
1263.049
1263.700
1264.351
1265.001
1265.652
1266.303
1266.937
1267.587
1268.238
1268.889
1269.539
1270.190
1270.841
1271.491
1272.142
1272.793
1273.427
1274.077
1274.728
1275.362
1275.996
1276.630
1277.264
1277.898
1278.532
1279.149
1279.767
1280.384
1281.001
1281.635
1283.487
1283.771
1284.071
1284.388
1284.688
1285.005
1285.306
1285.623
1285.923
1286.240
1286.540
1286.841
1287.158
1287.458
1287.775
1288.075
1288.392
1288.693
1289.010
1289.310
1289.627
1289.927
1290.244
1290.544
1290.845
1291.162
1291.462
1291.779
1292.079
1292.396
1292.697
1293.014
1293.314
1293.631
1293.931
1294.248
1294.549
1294.849
1295.166
1295.483
1295.783
1296.067
1296.384
1296.701
1297.018
1297.301
1297.618
1297.919
1298.236
1298.536
1298.836
1299.153
1299.454
1299.771
1300.071
1300.388
1300.688
1301.005
1301.306
1301.623
1301.923
1302.257
1302.540
1302.857
1303.157
1303.458
1303.775
1304.075
1304.392
1304.692
1305.009
1305.310
1305.627
1305.944
1306.261
1306.544
1306.845
1307.162
1307.462
1307.779
1308.079
1308.396
1308.697
1309.014
1309.314
1309.648
1309.931
1310.248
1310.565
1310.849
1311.166
1311.466
1311.783
1312.083
1312.400
1312.684
1313.001
1313.301
1313.618
1313.919
1314.236
1314.536
1314.836
1315.153
1315.454
1315.771
1316.071
1316.388
1316.688
1317.005
1317.322
1317.622
1317.923
1318.240
1318.540
1318.840
1319.157
1319.474
1319.791
1320.075
1320.392
1320.709
1321.026
1321.326
1321.627
1321.927
1322.244
1322.544
1322.845
1323.162
1323.462
1323.779
1324.079
1324.396
1324.696
1325.314
1325.597
1325.898
1326.181
1326.482
1326.765
1327.066
1327.349
1327.649
1327.933
1328.233
1328.534
1328.817
1329.118
1329.385
1329.685
1329.969
1330.269
1330.552
1330.853
1331.153
1331.437
1331.737
1332.021
1332.321
1332.605
1332.905
1333.205
1333.489
1333.806
1334.073
1334.373
1334.657
1334.957
1335.241
1335.541
1335.841
1336.125
1336.425
1336.709
1337.009
1337.293
1337.593
1337.893
1338.177
1338.477
1338.761
1339.061
1339.345
1339.645
1339.929
1340.229
1340.529
1340.813
1341.113
1341.397
1341.697
1341.981
1342.281
1342.565
1342.865
1343.166
1343.449
1343.766
1344.033
1344.350
1344.617
1344.917
1345.218
1345.501
1345.818
1346.069
1346.369
1346.652
1346.969
1347.253
1347.553
1347.837
1348.121
1348.421
1348.705
1349.005
1349.289
1349.589
1349.889
1350.173
1350.473
1350.757
1351.057
1351.341
1351.641
1351.925
1352.225
1352.525
1352.809
1353.109
1353.393
1353.693
1353.977
1354.277
1354.561
1354.861
1355.161
1355.445
1355.745
1356.029
1356.329
1356.613
1356.913
1357.213
1357.497
1357.814
1358.081
1358.381
1358.665
1358.965
1359.266
1359.549
1359.849
1360.133
1360.433
1360.717
1361.017
1361.301
1361.601
1361.902
1362.185
1362.486
1362.752
1362.903
1363.053
1363.203
1363.336
1363.487
1363.653
1363.787
1363.920
1364.070
1364.221
1364.371
1364.521
1364.654
1364.805
1364.955
1365.105
1365.238
1365.389
1365.539
1365.689
1365.839
1365.972
1366.123
1366.273
1366.423
1366.556
1366.707
1366.857
1367.007
1367.157
1367.290
1367.441
1367.591
1367.741
1367.891
1368.025
1368.175
1368.325
1368.475
1368.609
1368.759
1368.909
1369.059
1369.209
1369.343
1369.493
1369.643
1369.793
1369.927
1370.077
1370.227
1370.377
1370.527
1370.661
1370.811
1370.961
1371.111
1371.245
1371.395
1371.545
1371.695
1371.845
1371.979
1372.129
235.346
249.428
252.201
260.671
505.334
673.899
1128.798
