124.933
125.400
125.883
126.350
126.817
127.283
127.750
128.217
128.683
129.150
129.633
130.100
130.567
131.033
131.500
131.967
132.433
132.900
133.383
133.850
134.317
134.783
135.250
135.717
136.183
136.650
137.133
137.600
138.067
138.533
139.000
139.467
139.933
140.167
140.400
140.883
141.117
141.350
141.817
142.050
142.283
142.750
142.983
143.217
143.683
143.917
144.150
144.633
144.867
145.100
145.567
145.800
146.033
146.500
146.733
146.967
147.433
147.667
147.900
148.383
148.617
148.850
149.317
149.550
149.783
150.250
150.483
150.717
151.183
151.417
151.650
152.133
152.367
152.600
153.067
153.300
153.533
154.000
154.233
154.467
154.933
155.400
155.883
156.350
156.817
157.283
157.750
158.217
158.683
159.150
159.633
160.100
160.567
161.033
161.500
161.967
162.433
162.900
163.383
163.850
164.317
164.783
165.250
165.717
166.183
166.650
167.133
167.600
168.067
168.533
169.000
169.467
169.933
170.400
170.883
171.350
171.817
172.283
172.750
173.217
173.683
174.150
174.633
175.100
175.567
176.033
176.500
176.967
177.433
177.900
178.383
178.850
179.317
179.783
180.250
180.717
181.183
181.650
182.133
182.600
183.067
183.533
184.000
184.467
184.933
185.167
185.400
185.650
185.883
186.117
186.350
186.583
186.817
187.050
187.283
187.517
187.750
187.983
188.217
188.450
188.683
188.917
189.150
189.383
189.633
189.867
190.100
190.333
190.567
190.800
191.033
191.267
191.500
191.733
191.967
192.200
192.433
192.667
192.900
193.133
193.383
193.617
193.850
194.083
194.317
194.550
194.783
195.017
195.250
195.483
195.717
195.950
196.183
196.417
196.650
196.900
197.133
197.367
197.600
197.833
198.067
198.300
198.533
198.767
199.000
199.233
199.467
199.700
199.933
200.167
200.400
200.650
200.883
201.117
201.350
201.583
201.700
201.817
202.050
202.283
202.517
202.750
202.983
203.217
203.450
203.567
203.683
203.917
204.150
204.383
204.633
204.867
205.100
205.333
205.450
205.567
205.800
206.033
206.267
206.500
206.733
206.967
207.200
207.317
207.433
207.667
207.900
208.150
208.383
208.617
208.850
209.083
209.200
209.317
209.550
209.783
210.017
210.250
210.483
210.717
210.950
211.067
211.183
211.417
211.650
211.883
212.133
212.367
212.600
212.833
212.950
213.067
213.300
213.533
213.767
214.000
214.233
214.467
214.700
214.817
214.933
215.167
215.400
215.883
216.117
216.350
216.817
217.050
217.283
217.750
217.983
218.217
218.683
218.917
219.150
219.633
219.867
220.100
220.567
220.800
221.033
221.500
221.733
221.967
222.433
222.667
222.900
223.383
223.617
223.850
224.317
224.550
224.783
225.250
225.483
225.717
226.183
226.417
226.650
227.133
227.367
227.600
228.067
228.300
228.533
229.000
229.233
229.467
229.933
230.167
230.400
230.883
231.117
231.350
231.817
232.050
232.283
232.750
232.983
233.217
233.683
233.917
234.150
234.633
234.867
235.100
235.567
235.800
236.033
236.500
236.733
236.967
237.433
237.667
237.900
238.383
238.617
238.850
239.317
239.550
239.783
240.250
240.483
240.717
241.183
241.417
241.650
242.133
242.367
242.600
243.067
243.300
243.533
244.000
244.233
244.467
244.933
245.400
245.883
246.350
246.817
247.283
247.750
248.217
248.683
249.150
249.633
250.100
250.567
251.033
251.500
251.967
252.433
252.900
253.383
253.850
254.317
254.783
255.250
255.717
256.183
256.650
257.133
257.600
258.067
258.533
259.000
259.467
259.933
260.167
260.883
261.117
261.817
262.050
262.750
262.983
263.683
263.917
264.633
264.867
265.567
265.800
266.500
266.733
267.433
267.667
268.383
268.617
269.317
269.550
270.250
270.483
271.183
271.417
272.133
272.367
273.067
273.300
274.000
274.233
274.933
275.167
275.883
276.117
276.817
277.050
277.750
277.983
278.683
278.917
279.633
279.867
280.567
280.800
281.500
281.733
282.433
282.667
283.383
283.617
284.317
284.550
285.250
285.483
286.183
286.417
287.133
287.367
288.067
288.300
289.000
289.233
289.933
290.167
290.883
291.117
291.817
292.050
292.750
292.983
293.683
293.917
294.150
294.383
294.633
294.867
295.100
295.333
295.567
295.800
296.033
296.267
296.500
296.733
296.967
297.200
297.433
297.667
297.900
298.133
298.383
298.617
298.850
299.083
299.317
299.550
299.783
300.017
300.250
300.483
300.717
300.950
301.183
301.417
301.650
301.883
302.133
302.367
302.600
302.833
303.067
303.300
303.533
303.767
304.000
304.233
304.467
304.700
304.933
305.167
305.400
305.650
305.883
306.117
306.350
306.583
306.817
307.050
307.283
307.517
307.750
307.983
308.217
308.450
308.683
308.917
309.150
309.383
309.633
309.867
310.100
310.333
310.567
310.800
311.033
311.267
311.500
311.733
311.967
312.200
312.433
312.667
312.900
313.133
313.383
313.617
313.850
314.083
314.317
314.550
314.783
315.017
315.250
315.483
315.717
315.950
316.183
316.417
316.650
316.883
317.133
317.367
317.600
317.833
318.067
318.300
318.533
318.767
319.000
319.233
319.467
319.700
319.933
320.167
320.400
320.633
320.883
321.117
321.350
321.583
321.817
322.050
322.283
322.517
322.750
322.983
323.217
323.450
323.683
323.917
324.150
324.383
324.633
324.867
325.100
325.333
325.567
325.800
326.033
326.267
326.500
326.733
326.967
327.200
327.433
327.667
327.900
328.133
328.383
328.617
328.850
329.083
329.317
329.550
329.783
330.017
330.250
330.483
330.717
330.950
331.183
331.417
331.650
331.883
332.133
332.367
332.600
332.833
333.067
333.300
333.533
333.767
334.000
334.233
334.467
334.700
334.933
335.167
335.400
335.633
335.883
336.117
336.350
336.583
336.817
337.050
337.283
337.517
337.750
337.983
338.217
338.450
338.683
342.083
342.533
342.983
343.433
343.900
344.350
344.800
345.267
345.717
346.167
346.617
347.083
347.533
347.983
348.433
348.900
349.350
349.800
350.267
350.717
351.167
351.617
352.083
352.533
352.983
353.433
353.900
354.350
354.800
355.267
355.717
356.167
356.617
357.083
357.533
357.983
358.433
358.900
359.350
359.800
360.267
360.717
361.167
361.617
362.083
362.533
362.983
363.433
363.900
364.350
364.800
365.267
365.717
366.167
366.617
367.083
367.533
367.983
368.433
368.900
369.350
369.800
370.267
370.717
370.933
371.167
371.617
371.850
372.083
372.533
372.767
372.983
373.433
373.667
373.900
374.350
374.583
374.800
375.267
375.483
375.717
376.167
376.400
376.617
377.083
377.300
377.533
377.983
378.217
378.433
378.900
379.117
379.350
379.800
380.033
380.267
380.717
380.933
381.167
381.617
381.850
382.083
382.533
382.767
382.983
383.433
383.667
383.900
384.350
384.583
384.800
385.267
385.483
385.717
386.167
386.400
386.617
387.083
387.300
387.533
387.983
388.217
388.433
388.900
389.117
389.350
389.800
390.033
390.267
390.717
390.933
391.167
391.617
391.850
392.083
392.533
392.767
392.983
393.433
393.667
393.900
394.350
394.583
394.800
395.267
395.483
395.717
396.167
396.400
396.617
397.083
397.300
397.533
397.983
398.217
398.433
398.900
399.117
399.350
399.800
400.717
401.617
402.533
403.433
404.350
405.267
406.167
407.083
407.983
408.900
409.800
410.717
411.617
412.533
413.433
414.350
414.583
414.800
415.033
415.267
415.483
415.717
415.933
416.167
416.400
416.617
416.850
417.083
417.300
417.533
417.767
417.983
418.217
418.433
418.667
418.900
419.117
419.350
419.583
419.800
420.033
420.267
420.483
420.717
420.933
421.167
421.400
421.617
421.850
422.083
422.300
422.533
422.767
422.983
423.217
423.433
423.667
423.900
424.117
424.350
424.583
424.800
425.033
425.267
425.483
425.717
425.933
426.167
426.400
426.617
426.850
427.083
427.300
427.533
427.767
427.983
428.217
428.433
428.667
428.900
429.117
429.350
429.800
430.033
430.267
430.717
430.933
431.167
431.617
431.850
432.083
432.533
432.767
432.983
433.433
433.667
433.900
434.350
434.583
434.800
435.267
435.483
435.717
436.167
436.400
436.617
437.083
437.300
437.533
437.983
438.217
438.433
438.900
439.117
439.350
439.800
440.033
440.267
440.717
440.933
441.167
441.617
441.850
442.083
442.533
442.767
442.983
443.433
443.667
443.900
444.350
444.583
444.800
445.267
445.483
445.717
446.167
446.400
446.617
447.083
447.300
447.533
447.983
448.217
448.433
448.900
449.117
449.350
449.800
450.033
450.267
450.717
450.933
451.167
451.617
451.850
452.083
452.533
452.767
452.983
453.433
453.667
453.900
454.350
454.583
454.800
455.267
455.483
455.717
456.167
456.400
456.617
457.083
457.300
457.533
457.983
458.217
458.433
458.667
458.900
459.117
459.350
459.583
459.800
460.033
460.267
460.483
460.717
460.933
461.167
461.400
461.617
461.850
462.083
462.300
462.533
462.767
462.983
463.217
463.433
463.667
463.900
464.117
464.350
464.583
464.800
465.033
465.267
465.483
465.717
465.933
466.167
466.400
466.617
466.850
467.083
467.300
467.533
467.767
467.983
468.217
468.433
468.667
468.900
469.117
469.350
469.583
469.800
470.033
470.267
470.483
470.717
470.933
471.167
471.400
471.617
471.850
472.083
472.300
472.533
472.767
472.983
473.217
473.433
473.667
473.900
474.117
474.350
474.583
474.800
475.033
475.267
475.483
475.717
475.933
476.167
476.400
476.617
476.850
477.083
477.300
477.533
477.767
477.983
478.217
478.433
478.667
478.900
479.117
479.350
479.583
479.800
480.033
480.267
480.483
480.717
480.933
481.167
481.400
481.617
481.850
482.083
482.300
482.533
482.767
482.983
483.217
483.433
483.667
483.900
484.117
484.350
484.583
484.800
485.033
485.267
485.483
485.717
485.933
486.167
486.400
486.617
486.850
490.717
490.933
491.167
491.400
491.617
491.850
492.083
492.300
492.417
492.533
492.767
492.983
493.217
493.433
493.667
493.900
494.117
494.233
494.350
494.583
494.800
495.033
495.267
495.483
495.717
495.933
496.050
496.167
496.400
496.617
496.850
497.083
497.300
497.533
497.767
497.867
497.983
498.217
498.433
498.667
498.900
499.117
499.350
499.583
499.683
499.800
500.033
500.267
500.483
500.717
500.933
501.167
501.400
501.517
501.617
501.850
502.083
502.300
502.533
502.767
502.983
503.217
503.333
503.433
503.667
503.900
504.117
504.350
504.583
504.800
505.033
505.150
505.267
505.483
505.717
505.933
506.167
506.400
506.617
506.850
506.967
507.083
507.300
507.533
507.767
507.983
508.217
508.433
508.667
508.783
508.900
509.117
509.350
509.583
509.800
510.033
510.267
510.483
510.600
510.717
510.933
511.167
511.400
511.617
511.850
512.083
512.300
512.417
512.533
512.767
512.983
513.217
513.433
513.667
513.900
514.117
514.350
514.583
514.800
515.033
515.267
515.483
515.717
515.933
516.167
516.400
516.617
516.850
517.083
517.300
517.533
517.767
517.983
518.217
518.433
518.667
518.900
519.117
519.350
519.583
519.800
520.033
520.267
520.483
520.717
520.933
521.167
521.400
521.617
521.850
522.083
522.300
522.533
522.767
522.983
523.217
523.433
523.667
523.900
524.117
524.350
524.583
524.800
525.033
525.267
525.483
525.717
525.933
526.167
526.400
526.617
526.850
527.083
527.300
527.533
527.767
527.983
528.217
528.433
528.667
528.900
529.117
529.350
529.583
529.800
530.033
530.267
530.483
530.717
530.933
531.167
531.400
531.617
531.850
532.083
532.300
532.533
532.767
532.983
533.217
533.433
533.667
533.900
534.117
534.350
534.583
534.800
535.033
535.267
535.483
535.717
535.933
536.167
536.400
536.617
536.850
537.083
537.300
537.533
537.767
537.983
538.217
538.433
538.667
538.900
539.117
539.350
539.583
539.800
540.033
540.267
540.483
540.717
540.933
541.167
541.400
541.617
541.850
542.083
542.300
542.533
542.767
542.983
543.217
543.433
543.667
543.900
544.117
544.350
544.583
544.800
545.033
545.267
545.483
545.717
545.933
546.167
546.400
546.617
546.850
547.083
547.300
547.533
547.767
547.983
548.217
548.433
548.667
548.900
549.117
549.800
550.033
550.717
550.933
551.617
551.850
552.533
552.767
553.433
553.667
554.350
554.583
555.267
555.483
556.167
556.400
557.083
557.300
557.983
558.217
558.900
559.117
559.800
560.033
560.717
560.933
561.617
561.850
562.533
562.767
563.433
563.900
564.350
564.800
565.267
565.717
566.167
566.617
567.083
567.533
567.983
568.433
568.900
569.350
569.800
570.267
570.717
571.167
571.617
572.083
572.533
572.983
573.433
573.900
574.350
574.800
575.267
575.717
576.167
576.617
577.083
577.533
577.983
578.433
578.900
579.350
579.800
580.267
580.717
581.167
581.617
582.083
582.533
582.983
583.433
583.900
584.350
584.800
585.267
585.717
586.167
586.617
587.083
587.533
587.983
588.433
588.900
589.350
589.800
590.267
590.717
591.167
591.617
592.083
592.533
592.767
592.983
593.433
593.667
593.900
594.350
594.583
594.800
595.267
595.483
595.717
596.167
596.400
596.617
597.083
597.300
597.533
597.983
598.217
598.433
598.900
599.117
599.350
599.800
600.033
600.267
600.717
600.933
601.167
601.617
601.850
602.083
602.533
602.767
602.983
603.433
603.667
603.900
604.350
604.583
604.800
605.267
605.483
605.717
606.167
606.400
606.617
607.083
607.300
607.533
607.767
607.983
608.217
608.433
608.667
608.900
609.117
609.350
609.583
609.800
610.033
610.267
610.483
610.717
610.933
611.167
611.400
611.617
611.850
612.083
612.300
612.533
612.767
612.983
613.217
613.433
613.667
613.900
614.117
614.350
614.583
614.800
615.033
615.267
615.483
615.717
615.933
616.167
616.400
616.617
616.850
617.083
617.300
617.533
617.767
617.983
618.217
618.433
618.667
618.900
619.117
619.350
619.583
619.800
620.033
620.267
620.483
620.717
620.933
621.167
621.400
621.617
621.850
622.083
622.300
622.533
622.767
622.983
623.217
623.433
623.667
623.900
624.117
624.350
624.583
624.800
625.033
625.267
625.483
625.717
625.933
626.167
626.400
626.617
626.850
627.083
627.300
627.533
627.767
627.983
628.217
628.433
628.667
628.900
629.117
629.350
629.583
629.800
630.033
630.267
630.483
630.717
630.933
631.167
631.400
631.617
631.850
632.083
632.300
632.533
632.767
632.983
633.217
633.433
633.667
633.900
634.117
634.350
634.583
634.800
635.033
635.267
635.483
635.717
635.933
636.167
636.617
637.083
637.533
637.983
638.433
638.900
639.350
639.800
640.267
640.717
641.167
641.617
642.083
642.533
642.983
643.433
643.900
644.350
644.800
645.267
645.717
646.167
646.617
647.083
647.533
647.983
648.433
648.900
649.350
649.800
650.267
650.717
651.167
651.617
652.083
652.533
652.983
653.433
653.900
654.350
654.800
655.267
655.717
656.167
656.617
657.083
657.533
657.983
658.433
658.900
659.350
659.800
660.267
660.717
661.167
661.617
662.083
662.533
662.983
663.433
663.900
664.350
664.800
665.267
665.483
665.717
665.933
666.167
666.400
666.617
666.850
667.083
667.300
667.533
667.767
667.983
668.217
668.433
668.667
668.900
669.117
669.350
669.583
669.800
670.033
670.267
670.483
670.717
670.933
671.167
671.400
671.617
671.850
672.083
672.300
672.533
672.767
672.983
673.217
673.433
673.667
673.900
674.117
674.350
674.583
674.800
675.033
675.267
675.483
675.717
675.933
676.167
676.400
676.617
676.850
677.083
677.300
677.533
677.767
677.983
678.217
678.433
678.667
678.900
679.117
679.350
679.583
679.800
680.033
680.267
680.483
680.717
680.933
681.167
681.400
681.617
681.850
682.083
682.300
682.533
682.767
682.983
683.217
683.433
683.667
683.900
684.117
684.350
684.583
684.800
685.033
685.267
685.483
685.717
685.933
686.167
686.400
686.617
686.850
687.083
687.300
687.533
687.767
687.983
688.217
688.433
688.667
688.900
689.117
689.350
689.583
689.800
690.033
690.267
690.483
690.717
691.167
691.617
692.083
692.533
692.983
693.433
693.900
694.350
694.800
695.267
695.717
696.167
696.617
697.083
697.533
697.983
698.433
698.900
699.350
699.800
700.267
700.717
701.167
701.617
702.083
702.533
702.983
703.433
703.900
704.350
704.800
705.267
705.717
706.167
706.617
707.083
707.533
707.983
708.433
708.900
709.350
709.800
710.267
710.717
711.167
711.617
712.083
712.533
712.983
713.433
713.900
714.350
714.800
715.267
715.717
716.167
716.617
717.083
717.533
717.983
718.433
718.900
719.350
719.800
720.267
720.717
721.167
721.617
722.083
722.533
722.983
727.100
727.617
728.150
728.667
729.200
729.717
730.250
730.783
731.300
731.833
732.350
732.883
733.400
733.933
734.467
734.983
735.517
736.033
736.567
737.100
737.617
738.150
738.667
739.200
739.717
740.250
740.783
741.300
741.833
742.350
742.883
743.417
743.933
744.467
744.983
745.517
746.033
746.567
747.100
747.617
748.150
748.667
749.200
749.717
750.250
750.783
751.300
751.833
752.350
752.883
753.417
753.933
754.467
754.983
755.517
756.033
756.567
757.100
757.617
758.150
758.667
759.200
759.733
760.250
760.783
761.300
761.833
762.350
762.883
763.417
763.933
764.467
764.983
765.517
766.033
766.567
767.100
767.617
768.150
768.667
769.200
769.467
769.733
769.983
770.250
770.517
770.783
771.033
771.300
771.567
771.833
772.100
772.350
772.617
772.883
773.150
773.417
773.667
773.933
774.200
774.467
774.733
774.983
775.250
775.517
775.783
776.033
776.300
776.567
776.833
777.100
777.350
777.617
777.883
778.150
778.417
778.667
778.933
779.200
779.467
779.733
779.983
780.250
780.517
780.783
781.033
781.300
781.567
781.833
782.100
782.350
782.617
782.883
783.150
783.417
783.667
783.933
784.200
784.467
784.733
784.983
785.250
785.517
785.783
786.050
786.567
787.100
787.617
788.150
788.667
789.200
789.733
790.250
790.783
791.300
791.833
792.350
792.883
793.417
793.933
794.467
794.983
795.517
796.050
796.567
797.100
797.617
798.150
798.667
799.200
799.733
800.250
800.783
801.300
801.833
802.350
802.883
803.150
803.417
803.667
803.933
804.200
804.467
804.733
804.983
805.250
805.517
805.783
806.050
806.300
806.567
806.833
807.100
807.350
807.617
807.883
808.150
808.417
808.667
808.933
809.200
809.467
809.733
809.983
810.250
810.517
810.783
811.050
811.300
811.567
811.833
812.100
812.367
812.617
812.883
813.150
813.417
813.667
813.933
814.200
814.467
814.733
814.983
815.250
815.517
815.783
816.050
816.300
816.567
816.833
817.100
817.367
817.617
817.883
818.150
818.417
818.667
818.933
819.200
819.467
819.733
820.250
820.783
821.833
822.367
822.883
823.933
824.467
824.983
826.050
826.567
827.100
828.150
828.667
829.200
830.250
830.783
831.300
832.367
832.883
833.417
834.467
834.983
835.517
836.567
837.100
837.617
838.683
839.200
839.733
840.783
841.300
841.833
842.883
843.417
843.933
844.983
845.250
845.517
846.050
846.300
846.567
847.100
847.367
847.617
848.150
848.417
848.683
849.200
849.467
849.733
850.250
850.517
850.783
851.300
851.567
851.833
852.367
852.617
852.883
853.417
853.683
853.933
854.467
854.733
854.983
855.517
855.783
856.050
856.567
856.833
857.100
857.617
857.883
858.150
858.683
858.933
859.200
859.733
860.000
860.250
860.783
861.050
861.300
861.833
862.100
862.883
863.150
863.933
864.200
865.000
865.250
866.050
866.300
867.100
867.367
868.150
868.417
869.200
869.467
870.250
870.517
871.300
871.567
872.367
872.617
873.417
873.683
874.467
874.733
875.517
875.783
876.567
876.833
877.617
877.883
878.683
878.933
879.200
879.467
879.733
880.000
880.250
880.517
880.650
880.783
881.050
881.300
881.567
881.833
882.100
882.367
882.617
882.750
882.883
883.150
883.417
883.683
883.933
884.200
884.467
884.733
884.867
885.000
885.250
885.517
885.783
886.050
886.317
886.567
886.833
886.967
887.100
887.367
887.617
887.883
888.150
888.417
888.683
888.933
889.067
889.200
889.467
889.733
890.000
890.250
890.517
890.783
891.050
891.183
891.317
891.567
891.833
892.100
892.367
892.617
892.883
893.150
893.283
893.417
893.683
893.933
894.200
894.467
894.733
895.000
895.250
895.383
895.517
895.783
896.050
896.317
896.567
896.833
897.100
897.367
897.500
897.617
897.883
898.150
898.417
898.683
898.933
899.200
899.467
899.600
899.733
900.000
900.250
900.517
900.783
901.050
901.317
901.567
901.700
901.833
902.100
902.367
902.617
902.883
903.150
903.417
903.683
903.817
907.400
907.867
908.333
908.800
909.267
909.733
910.217
910.683
911.150
911.617
912.083
912.550
913.017
913.483
913.967
914.433
914.900
915.367
915.833
916.300
916.767
917.233
917.717
918.183
918.650
919.117
919.583
920.050
920.517
920.983
921.467
921.933
922.400
922.867
923.333
923.800
924.267
924.733
925.217
925.683
926.150
926.617
927.083
927.550
928.017
928.483
928.967
929.433
929.900
930.133
930.367
930.833
931.067
931.300
931.767
932.000
932.233
932.717
932.950
933.183
933.650
933.883
934.117
934.583
934.817
935.050
935.517
935.750
935.983
936.467
936.700
936.933
937.400
937.633
937.867
938.333
938.567
938.800
939.267
939.500
939.733
940.217
940.450
940.683
941.150
941.383
941.617
942.083
942.317
942.550
943.017
943.250
943.483
943.967
944.200
944.433
944.900
945.133
945.367
945.833
946.067
946.300
946.767
947.000
947.233
947.717
947.950
948.183
948.650
948.883
949.117
949.583
949.817
950.050
950.517
950.750
950.983
951.467
951.700
951.933
952.400
952.867
953.333
953.800
954.267
954.733
955.217
955.683
956.150
956.617
957.083
957.550
958.017
958.483
958.967
959.433
959.900
960.367
960.833
961.300
961.767
962.233
962.717
963.183
963.650
964.117
964.583
965.050
965.517
965.983
966.467
966.933
967.400
967.867
968.333
968.800
969.267
969.733
970.217
970.683
971.150
971.617
972.083
972.550
973.017
973.483
973.967
974.433
974.900
975.367
975.833
976.300
976.767
977.233
977.717
978.183
978.650
979.117
979.583
980.050
980.517
980.983
981.467
981.933
982.400
982.867
983.333
983.800
984.267
984.733
985.217
985.683
986.150
986.617
987.083
987.550
988.017
988.483
988.967
989.433
989.900
990.133
990.833
991.067
991.767
992.000
992.717
992.950
993.650
993.883
994.583
994.817
995.517
995.750
996.467
996.700
997.400
997.633
998.333
998.567
999.267
999.500
1000.217
1000.450
1001.150
1001.383
1002.083
1002.317
1003.017
1003.250
1003.967
1004.200
1004.900
1005.133
1005.833
1006.067
1006.767
1007.000
1007.717
1007.950
1008.650
1008.883
1009.583
1009.817
1010.517
1010.750
1011.467
1011.700
1012.400
1012.633
1013.333
1013.567
1014.267
1014.500
1015.217
1015.450
1016.150
1016.383
1017.083
1017.317
1018.017
1018.250
1018.967
1019.200
1019.900
1020.133
1020.833
1021.067
1021.767
1022.000
1022.717
1022.950
1023.650
1023.883
1024.583
1024.817
1025.517
1025.750
1026.467
1026.700
1027.400
1027.633
1028.333
1028.567
1029.267
1029.500
1030.217
1030.450
1031.150
1031.383
1032.083
1032.317
1033.017
1033.250
1033.967
1034.200
1034.900
1035.367
1035.833
1036.300
1036.767
1037.250
1037.717
1038.183
1038.650
1039.117
1039.583
1040.050
1040.517
1041.000
1041.467
1041.933
1042.400
1042.867
1043.333
1043.800
1044.267
1044.750
1045.217
1045.683
1046.150
1046.617
1047.083
1047.550
1049.900
1050.133
1050.367
1050.600
1050.833
1051.067
1051.300
1051.533
1051.767
1052.000
1052.250
1052.483
1052.717
1052.950
1053.183
1053.417
1053.650
1053.883
1054.117
1054.350
1054.583
1054.817
1055.050
1055.283
1055.517
1055.750
1056.000
1056.233
1056.467
1056.700
1056.933
1057.167
1057.400
1057.633
1057.867
1058.100
1058.333
1058.567
1058.800
1059.033
1059.267
1059.517
1059.750
1059.983
1060.217
1060.450
1060.683
1060.917
1061.150
1061.383
1061.617
1061.850
1062.083
1062.317
1062.550
1062.783
1063.017
1063.267
1063.500
1063.733
1063.967
1064.200
1064.433
1064.667
1064.900
1065.133
1065.367
1065.600
1065.833
1066.067
1066.300
1066.533
1066.767
1067.017
1067.250
1067.483
1067.717
1067.950
1068.183
1068.417
1068.650
1068.883
1069.117
1069.350
1069.583
1069.817
1070.050
1070.283
1070.517
1070.767
1071.000
1071.233
1071.467
1071.700
1071.933
1072.167
1072.400
1072.633
1072.867
1073.100
1073.333
1073.567
1073.800
1074.033
1074.267
1074.517
1074.750
1074.983
1075.217
1075.450
1075.683
1075.917
1076.150
1076.383
1076.617
1076.850
1077.083
1077.317
1077.550
1077.783
1078.017
1078.267
1078.500
1078.733
1078.967
1079.200
1079.433
1079.667
1086.767
1087.233
1087.683
1088.150
1088.617
1089.083
1089.533
1090.000
1090.467
1090.917
1091.383
1091.850
1092.300
1092.767
1093.233
1093.683
1094.150
1094.617
1095.083
1095.533
1096.000
1096.467
1096.917
1097.383
1097.850
1098.300
1098.767
1099.233
1099.683
1100.150
1100.617
1101.083
1101.533
1102.000
1102.467
1102.917
1103.383
1103.850
1104.300
1104.767
1105.233
1105.683
1106.150
1106.617
1107.083
1107.533
1108.000
1108.467
1108.917
1109.383
1109.850
1110.300
1110.767
1111.233
1111.683
1112.150
1112.617
1113.083
1113.533
1114.000
1114.467
1114.917
1115.383
1115.850
1116.300
1116.767
1117.233
1117.683
1118.150
1118.617
1119.083
1119.533
1120.000
1120.467
1120.917
1121.383
1121.850
1122.300
1122.767
1123.233
1123.683
1124.150
1124.617
1125.083
1125.533
1126.000
1126.467
1126.917
1127.383
1127.850
1128.300
1128.767
1131.083
1131.300
1132.000
1132.233
1132.917
1133.150
1133.850
1134.083
1134.767
1135.000
1135.683
1135.917
1136.617
1136.850
1137.533
1137.767
1138.467
1138.683
1139.383
1139.617
1140.300
1140.533
1141.233
1141.467
1142.150
1142.383
1143.083
1143.300
1144.000
1144.233
1144.917
1145.150
1145.850
1146.083
1146.300
1146.767
1147.000
1147.233
1147.700
1147.917
1148.150
1148.617
1148.850
1149.083
1149.533
1149.767
1150.000
1150.467
1150.700
1150.917
1151.383
1151.617
1151.850
1152.300
1152.533
1152.767
1153.233
1153.467
1153.700
1154.150
1154.383
1154.617
1155.083
1155.300
1155.533
1156.000
1156.233
1156.467
1156.917
1157.150
1157.383
1157.850
1158.083
1158.300
1158.767
1159.000
1159.233
1159.700
1159.917
1160.150
1160.617
1160.850
1161.083
1161.533
1161.767
1162.000
1162.467
1162.700
1162.917
1163.383
1163.617
1163.850
1164.300
1164.533
1164.767
1165.233
1165.467
1165.700
1166.150
1166.383
1166.617
1167.083
1167.300
1167.533
1168.000
1168.233
1168.467
1168.700
1168.917
1169.150
1169.383
1169.617
1169.850
1170.083
1170.300
1170.533
1170.767
1171.000
1171.233
1171.467
1171.700
1171.917
1172.150
1172.383
1172.617
1172.850
1173.083
1173.300
1173.533
1173.767
1174.000
1174.233
1174.467
1174.700
1174.917
1175.150
1175.383
1175.617
1175.850
1176.083
1176.300
1176.533
1176.767
1177.000
1177.233
1177.467
1177.700
1177.917
1178.150
1178.383
1178.617
1178.850
1179.083
1179.300
1179.533
1179.767
1180.000
1180.233
1180.467
1180.700
1180.917
1181.150
1181.383
1181.617
1181.850
1182.083
1182.300
1182.533
1182.767
1183.000
1183.233
1183.467
1183.700
1183.917
1184.150
1184.383
1184.500
1184.617
1184.850
1185.083
1185.300
1185.533
1185.767
1186.000
1186.233
1186.350
1186.467
1186.700
1186.917
1187.150
1187.383
1187.617
1187.850
1188.083
1188.200
1188.300
1188.533
1188.767
1189.000
1189.233
1189.467
1189.700
1189.917
1190.033
1190.150
1190.383
1190.617
1190.850
1191.083
1191.300
1191.533
1191.767
1191.883
1192.000
1192.233
1192.467
1192.700
1192.917
1193.150
1193.383
1193.617
1193.733
1193.850
1194.083
1194.300
1194.533
1194.767
1195.000
1195.233
1195.467
1195.583
1195.700
1195.917
1196.150
1196.383
1196.617
1196.850
1197.083
1197.300
1197.417
1197.533
1197.767
1198.000
1198.233
1198.467
1198.700
1198.917
1199.150
1199.267
1199.383
1199.617
1199.850
1200.083
1200.300
1200.533
1200.767
1201.000
1201.117
1201.233
1201.467
1201.700
1201.917
1202.150
1202.383
1202.617
1202.850
1202.967
1203.083
1203.300
1203.533
1203.767
1204.000
1204.233
1204.467
1204.700
1204.750
1204.800
1204.917
1205.850
1206.767
1207.700
1208.617
1209.533
1210.467
1211.383
1212.300
1213.233
1214.150
1215.083
1216.000
1216.917
1217.850
1218.767
1219.700
1220.617
1221.533
1222.467
1223.383
1224.317
1225.233
1226.150
1227.083
1227.533
1227.883
1228.233
1228.467
1228.917
1229.383
1229.733
1230.083
1230.317
1230.767
1231.233
1231.583
1231.917
1232.150
1232.617
1233.083
1233.417
1233.767
1234.000
1234.467
1234.917
1235.267
1235.617
1235.850
1236.317
1236.767
1237.117
1237.467
1237.700
1238.150
1238.617
1238.967
1239.317
1239.533
1240.000
1240.467
1240.817
1241.150
1241.383
1241.850
1242.317
1242.650
1243.000
1243.233
1243.700
1244.150
1244.500
1244.850
1245.083
1245.533
1246.000
1246.350
1246.700
1246.917
1247.383
1247.850
1248.200
1248.533
1248.767
1249.000
1249.233
1249.467
1249.700
1249.917
1250.150
1250.383
1250.617
1250.850
1251.083
1251.317
1251.533
1251.767
1252.000
1252.233
1252.467
1252.700
1252.917
1253.150
1253.383
1253.617
1253.850
1254.083
1254.317
1254.533
1254.767
1255.000
1255.233
1255.467
1255.700
1255.917
1256.150
1256.383
1256.617
1256.850
1257.083
1257.317
1257.533
1257.767
1258.000
1258.233
1258.467
1258.700
1258.917
1259.150
1259.383
1259.617
1259.850
1260.083
1260.317
1260.533
1260.767
1261.000
1261.233
1261.467
1261.700
1261.917
1262.150
1262.383
1262.617
1262.850
1263.083
1263.317
1263.533
1263.767
1264.000
1264.233
1264.467
1264.700
1264.917
1265.150
1265.383
1265.617
1265.850
1266.083
1266.317
1266.533
1266.767
1267.000
1267.233
1267.467
1267.700
1267.917
1268.150
1268.383
1268.617
1268.850
1269.083
1269.317
1271.383
1271.617
1271.850
1272.083
1272.317
1272.533
1272.767
1273.000
1273.233
1273.467
1273.700
1273.917
1274.150
1274.383
1274.617
1274.850
1275.083
1275.317
1275.533
1275.767
1276.000
1276.233
1276.467
1276.700
1276.917
1277.150
1277.383
1277.617
1277.850
1278.083
1278.317
1278.533
1278.767
1279.000
1279.233
1279.467
1279.700
1279.917
1280.150
1280.383
1280.617
1280.850
1281.083
1281.317
1281.533
1281.767
1282.000
1282.233
1282.467
1282.700
1282.917
1283.150
1283.383
1283.617
1283.850
1284.083
1284.317
1284.533
1284.767
1285.000
1285.233
1285.467
1285.700
1285.917
1286.150
1286.383
1287.083
1287.317
1288.000
1288.233
1288.917
1289.150
1289.850
1290.083
1290.767
1291.000
1291.700
1291.917
1292.617
1292.850
1293.533
1293.767
1294.467
1294.700
1295.383
1295.617
1296.317
1296.533
1297.233
1297.467
1298.150
1298.383
1299.083
1299.317
1300.000
1300.233
1300.917
1301.150
1301.383
1301.850
1302.083
1302.317
1302.767
1303.000
1303.233
1303.700
1303.917
1304.150
1304.617
1304.850
1305.083
1305.533
1305.767
1306.000
1306.467
1306.700
1306.933
1307.383
1307.617
1307.850
1308.317
1308.533
1308.767
1309.233
1309.467
1309.700
1310.150
1310.383
1310.617
1311.083
1311.317
1311.533
1312.000
1312.233
1312.467
1312.933
1313.150
1313.383
1315.700
1315.933
1316.150
1316.617
1316.850
1317.083
1317.533
1317.767
1318.000
1318.467
1318.700
1318.933
1319.383
1319.617
1319.850
1320.317
1320.533
1320.767
1321.233
1321.467
1321.700
1322.150
1322.383
1322.617
1323.083
1323.317
1323.533
1324.000
1324.233
1324.467
1324.933
1325.150
1325.383
1325.850
1326.083
1326.317
1326.767
1327.000
1327.233
1327.700
1327.933
1328.150
1328.617
1328.850
1329.083
1329.533
1329.767
1330.000
1330.467
1331.383
1332.317
1333.233
1334.150
1335.083
1336.000
1336.933
1337.850
1338.767
1339.700
1340.617
1341.533
1342.467
1343.383
1344.317
1345.233
1346.150
1347.083
1348.000
1348.933
1349.850
1350.767
1351.700
1352.617
1353.533
1354.467
1355.383
1356.317
1357.233
1358.150
1359.083
1360.000
1360.467
1360.933
1361.383
1361.850
1362.317
1362.767
1363.233
1363.700
1364.150
1364.617
1365.083
1365.533
1366.000
1366.467
1366.933
1367.383
1367.850
1368.317
1368.767
1369.233
1369.700
1370.150
1370.617
1371.083
1371.533
1372.000
1372.467
1372.933
1373.383
1373.850
1374.317
1374.767
1375.233
1375.700
1376.150
1376.617
1377.083
1377.533
1378.000
1378.467
1378.933
1379.383
1379.850
1380.317
1380.767
1381.233
1381.700
1382.150
1382.617
1383.083
1383.533
1384.000
1384.467
1384.933
1385.383
1385.850
1386.317
1386.767
1387.233
1387.700
1388.150
1388.617
1389.083
1389.533
1389.767
1390.000
1390.467
1390.700
1390.933
1391.383
1391.617
1391.850
1392.317
1392.550
1392.767
1393.233
1393.467
1393.700
1394.150
1394.383
1394.617
1395.083
1395.317
1395.550
1396.000
1396.233
1396.467
1396.933
1397.150
1397.383
1397.850
1398.083
1398.317
1398.767
1399.000
1399.233
1399.700
1399.933
1400.150
1400.617
1400.850
1401.083
1401.550
1401.767
1402.000
1402.467
1402.700
1402.933
1403.383
1403.617
1403.850
1404.317
1404.550
1404.767
1405.233
1405.467
1405.700
1406.150
1406.383
1406.617
1407.083
1407.317
1407.550
1408.000
1408.233
1408.467
1408.933
1409.150
1409.383
1409.850
1410.083
1410.317
1410.767
1411.000
1411.233
1411.700
1411.933
1412.150
1412.617
1412.850
1413.083
1413.550
1413.767
1414.000
1414.467
1414.700
1414.933
1415.383
1415.617
1415.850
1416.317
1416.550
1416.767
1417.233
1417.467
1417.700
1418.150
1418.383
1418.617
1419.083
1419.317
1419.550
1420.000
1420.233
1420.467
1420.933
1421.150
1421.383
1421.850
1422.083
1422.317
1422.767
1423.000
1423.233
1423.700
1423.933
1424.150
1424.617
1424.850
1425.083
1425.550
1425.767
1426.000
1430.883
1431.350
1431.817
1432.283
1432.750
1433.217
1433.700
1434.167
1434.633
1435.100
1435.567
1436.033
1436.500
1436.967
1437.450
1437.917
1438.383
1438.850
1439.317
1439.783
1440.250
1440.717
1441.200
1441.667
1442.133
1442.600
1443.067
1443.533
1444.000
1444.467
1444.950
1445.417
1445.883
1446.350
1446.817
1447.283
1447.750
1448.217
1448.700
1449.167
1449.633
1450.100
1450.567
1451.033
1451.500
1451.967
1452.450
1452.917
1453.383
1453.850
1454.317
1454.783
1455.250
1455.717
1456.200
1456.667
1457.133
1457.600
1458.067
1458.533
1459.000
1459.467
1459.950
1460.417
1460.883
1461.117
1461.350
1461.817
1462.050
1462.283
1462.750
1462.983
1463.217
1463.700
1463.933
1464.167
1464.633
1464.867
1465.100
1465.567
1465.800
1466.033
1466.500
1466.733
1466.967
1467.450
1467.683
1467.917
1468.383
1468.617
1468.850
1469.317
1469.550
1469.783
1470.250
1470.483
1470.717
1471.200
1471.433
1471.667
1472.133
1472.367
1472.600
1473.067
1473.300
1473.533
1474.000
1474.233
1474.467
1474.950
1475.183
1475.417
1475.883
1476.350
1476.817
1477.283
1477.750
1478.217
1478.700
1479.167
1479.633
1480.100
1480.567
1481.033
1481.500
1481.967
1482.450
1482.917
1483.383
1483.850
1484.317
1484.783
1485.250
1485.717
1486.200
1486.667
1487.133
1487.600
1488.067
1488.533
1489.000
1489.467
1489.950
1490.417
1490.883
1491.117
1491.350
1491.583
1491.817
1492.050
1492.283
1492.517
1492.750
1492.983
1493.217
1493.450
1493.700
1493.933
1494.167
1494.400
1494.633
1494.867
1495.100
1495.333
1495.567
1495.800
1496.033
1496.267
1496.500
1496.733
1496.967
1497.200
1497.450
1497.683
1497.917
1498.150
1498.383
1498.617
1498.850
1499.083
1499.317
1499.550
1499.783
1500.017
1500.250
1500.483
1500.717
1500.950
1501.200
1501.433
1501.667
1501.900
1502.133
1502.367
1502.600
1502.833
1503.067
1503.300
1503.533
1503.767
1504.000
1504.233
1504.467
1504.700
1504.950
1505.183
1505.417
1505.650
1505.883
1506.117
1506.350
1506.583
1506.817
1507.050
1507.283
1507.517
1507.750
1507.983
1508.217
1508.450
1508.700
1508.933
1509.167
1509.400
1509.633
1509.867
1510.100
1510.333
1510.567
1510.800
1511.033
1511.267
1511.500
1511.733
1511.967
1512.200
1512.450
1512.683
1512.917
1513.150
1513.383
1513.617
1513.850
1514.083
1514.317
1514.550
1514.783
1515.017
1515.250
1515.483
1515.717
1515.950
1516.200
1516.433
1516.667
1516.900
1517.133
1517.367
1517.600
1517.833
1518.067
1518.300
1518.533
1518.767
1519.000
1519.233
1519.467
1519.700
1519.950
1520.183
1520.417
1520.650
1520.883
1521.117
1521.350
1521.583
1521.817
1522.050
1522.283
1522.517
1522.633
1522.750
1522.983
1523.217
1523.450
1523.700
1523.933
1524.167
1524.400
1524.517
1524.633
1524.867
1525.100
1525.333
1525.567
1525.800
1526.033
1526.267
1526.383
1526.500
1526.733
1526.967
1527.200
1527.450
1527.683
1527.917
1528.150
1528.267
1528.383
1528.617
1528.850
1529.083
1529.317
1529.550
1529.783
1530.017
1530.133
1530.250
1530.483
1530.717
1530.950
1531.200
1531.433
1531.667
1531.900
1532.017
1532.133
1532.367
1532.600
1532.833
1533.067
1533.300
1533.533
1533.767
1533.883
1534.000
1534.233
1534.467
1534.700
1534.950
1535.183
1535.417
1535.650
1535.767
1535.883
1536.117
1536.350
1536.583
1536.817
1537.050
1537.283
1537.517
1537.633
1537.750
1537.983
1538.217
1538.450
1538.700
1538.933
1539.167
1539.400
1539.517
1539.633
1539.867
1540.100
1540.333
1540.567
1540.800
1541.033
1541.267
1541.383
1541.500
1541.733
1541.967
1542.200
1542.450
1542.683
1542.917
1543.150
1543.267
1543.383
1543.617
1543.850
1544.083
1544.317
1544.550
1544.783
1545.017
1545.133
1545.250
1545.483
1545.717
1545.950
1546.200
1546.433
1546.667
1546.900
1547.017
1547.133
1547.367
1547.600
1547.833
1548.067
1548.300
1548.533
1548.767
1548.883
1549.000
1549.233
1549.467
1549.700
1549.950
1550.183
1550.417
1550.650
1550.767
1550.883
1551.000
1551.117
1551.233
1551.350
1551.467
1551.583
1551.700
1551.817
1551.933
1552.050
1552.167
1552.283
1552.400
1552.517
1552.633
1552.750
1552.867
1552.983
1553.100
1553.217
1553.333
1553.450
1553.583
1553.700
1553.817
1553.933
1554.050
1554.167
1554.283
1554.400
1554.517
1554.633
1554.750
1554.867
1554.983
1555.100
1555.217
1555.333
1555.450
1555.567
1555.683
1555.800
1555.917
1556.033
1556.150
1556.267
1556.383
1556.500
1556.617
1556.733
1556.850
1556.967
1557.083
1557.200
1557.333
1557.450
1557.567
1557.683
1557.800
1557.917
1558.033
1558.150
1558.267
1558.383
1558.500
1558.617
1558.733
1558.850
1558.967
1559.083
1559.200
1559.317
1559.433
1559.550
1559.667
1559.783
1559.900
1560.017
1560.133
1560.250
1560.367
1560.483
1560.600
1560.717
1560.833
1560.950
1561.083
1561.200
1561.317
1561.433
1561.550
1561.667
1561.783
1561.900
1562.017
1562.133
1562.250
1562.367
1562.483
1562.600
1562.717
1562.833
1562.950
1563.067
1563.183
1563.300
1563.417
1563.533
1563.650
1563.767
1563.883
1564.000
1564.117
1564.233
1564.350
1564.467
1564.583
1564.700
1564.833
1564.950
1565.067
1565.183
1565.300
1565.417
1565.533
1565.650
1565.767
1565.883
1566.117
1566.350
1566.583
1566.817
1567.050
1567.283
1567.517
1567.750
1567.983
1568.217
1568.450
1568.700
1568.933
1569.167
1569.400
1569.633
1569.867
1570.100
1570.333
1570.567
1570.800
1571.033
1571.267
1571.500
1571.733
1571.967
1572.200
1572.450
1572.683
1572.917
1573.150
1573.383
1573.617
1573.850
1574.083
1574.317
1574.550
1574.783
1575.017
1575.250
1575.483
1575.717
1575.950
1576.200
1576.433
1576.667
1576.900
1577.133
1577.367
1577.600
1577.833
1578.067
1578.300
1578.533
1578.767
1579.000
1579.233
1579.467
1579.700
1579.950
1580.183
1580.417
1580.650
1580.883
1581.117
1581.350
1581.817
1582.050
1582.283
1582.750
1582.983
1583.217
1583.700
1583.933
1584.167
1584.633
1584.867
1585.100
1585.567
1585.800
1586.033
1586.500
1586.733
1586.967
1587.450
1587.683
1587.917
1588.383
1588.617
1588.850
1589.317
1589.550
1589.783
1590.250
1590.483
1590.717
1591.200
1591.433
1591.667
1592.133
1592.367
1592.600
1593.067
1593.300
1593.533
1594.000
1594.233
1594.467
1594.950
1595.183
1595.417
1595.883
1596.117
1596.350
1596.583
1596.817
1597.050
1597.283
1597.517
1597.750
1597.983
1598.217
1598.450
1598.700
1598.933
1599.167
1599.400
1599.633
1599.867
1600.100
1600.333
1600.567
1600.800
1601.033
1601.267
1601.500
1601.733
1601.967
1602.200
1602.450
1602.683
1602.917
1603.150
1603.383
1603.617
1603.850
1604.083
1604.317
1604.550
1604.783
1605.017
1605.250
1605.483
1605.717
1605.950
1606.200
1606.433
1606.667
1606.900
1607.133
1607.367
1607.600
1607.833
1608.067
1608.300
1608.533
1608.767
1609.000
1609.233
1609.467
1609.700
1609.950
1610.183
1610.417
1610.650
1610.883
1611.350
1611.817
1612.283
1612.750
1613.217
1613.700
1614.167
1614.633
1615.100
1615.567
1616.033
1616.500
1616.967
1617.450
1617.917
1618.383
1618.850
1619.317
1619.783
1620.250
1620.717
1621.200
1621.667
1622.133
1622.600
1623.067
1623.533
1624.000
1624.467
1624.950
1625.417
1625.883
1626.350
1626.817
1627.283
1627.750
1628.217
1628.700
1629.167
1629.633
1630.100
1630.567
1631.033
1631.500
1631.967
1632.450
1632.917
1633.383
1633.850
1634.317
1634.783
1635.250
1635.717
1636.200
1636.667
1637.133
1637.600
1638.067
1638.533
1639.000
1639.467
1639.950
1640.417
1644.150
1645.083
1646.017
1646.950
1647.900
1648.833
1649.767
1650.700
1651.650
1652.583
1653.517
1654.450
1655.400
1656.333
1657.267
1658.200
1659.150
1660.083
1661.017
1661.950
1662.900
1663.833
1664.767
1665.700
1666.650
1667.583
1668.517
1669.450
1670.400
1671.333
1672.267
1673.200
1673.667
1674.150
1674.617
1675.083
1675.550
1676.017
1676.483
1676.950
1677.417
1677.900
1678.367
1678.833
1679.300
1679.767
1680.233
1680.700
1681.167
1681.650
1682.117
1682.583
1683.050
1683.517
1683.983
1684.450
1684.917
1685.400
1685.867
1686.333
1686.800
1687.267
1687.733
1688.200
1688.667
1689.150
1689.617
1690.083
1690.550
1691.017
1691.483
1691.950
1692.417
1692.900
1693.367
1693.833
1694.300
1694.767
1695.233
1695.700
1696.167
1696.650
1697.117
1697.583
1698.050
1698.517
1698.983
1699.450
1699.917
1700.400
1700.867
1701.333
1701.800
1704.150
1704.383
1704.617
1704.850
1705.083
1705.317
1705.550
1705.783
1706.017
1706.250
1706.483
1706.717
1706.950
1707.183
1707.417
1707.650
1707.900
1708.133
1708.367
1708.600
1708.833
1709.067
1709.300
1709.533
1709.767
1710.000
1710.233
1710.467
1710.700
1710.933
1711.167
1711.400
1711.650
1711.767
1711.883
1712.000
1712.117
1712.233
1712.350
1712.467
1712.583
1712.700
1712.817
1712.933
1713.050
1713.167
1713.283
1713.400
1713.517
1713.633
1713.750
1713.867
1713.983
1714.100
1714.217
1714.333
1714.450
1714.567
1714.683
1714.800
1714.917
1715.033
1715.150
1715.283
1715.400
1715.517
1715.633
1715.750
1715.867
1715.983
1716.100
1716.217
1716.333
1716.450
1716.567
1716.683
1716.800
1716.917
1717.033
1717.150
1717.267
1717.383
1717.500
1717.617
1717.733
1717.850
1717.967
1718.083
1719.150
1719.383
1719.617
1719.850
1720.083
1720.317
1720.550
1720.783
1721.017
1721.250
1721.483
1721.717
1721.950
1722.183
1722.417
1722.650
1722.900
1723.133
1723.367
1723.600
1723.833
1724.067
1724.300
1724.533
1724.767
1725.000
1725.233
1725.467
1725.700
1725.933
1726.167
1726.400
1726.650
1726.883
1727.117
1727.350
1727.583
1727.817
1728.050
1728.283
1728.517
1728.750
1728.983
1729.217
1729.450
1729.683
1729.917
1730.150
1730.400
1730.633
1730.867
1731.100
1731.333
1731.567
1731.800
1732.033
1732.267
1732.500
1732.733
1732.967
1734.150
1734.383
1734.617
1735.083
1735.317
1735.550
1736.017
1736.250
1736.483
1736.950
1737.183
1737.417
1737.900
1738.133
1738.367
1738.833
1739.067
1739.300
1739.767
1740.000
1740.233
1740.700
1740.933
1741.167
1741.650
1741.883
1742.117
1742.583
1742.817
1743.050
1743.517
1743.750
1743.983
1744.450
1744.683
1744.917
1745.400
1745.633
1745.867
1746.333
1746.567
1746.800
1747.267
1747.500
1747.733
1748.200
1748.433
1748.667
1749.150
1749.383
1749.617
1749.850
1750.083
1750.317
1750.550
1750.783
1751.017
1751.250
1751.483
1751.717
1751.950
1752.183
1752.417
1752.650
1752.900
1753.133
1753.367
1753.600
1753.833
1754.067
1754.300
1754.533
1754.767
1755.000
1755.233
1755.467
1755.700
1755.933
1756.167
1756.400
1756.650
1756.883
1757.117
1757.350
1757.583
1757.817
1758.050
1758.283
1758.517
1758.750
1758.983
1759.217
1759.450
1759.683
1759.917
1760.150
1760.400
1760.633
1760.867
1761.100
1761.333
1761.567
1761.800
1762.033
1762.267
1762.500
1762.733
1762.967
1763.200
1763.433
1763.667
1763.900
1764.150
1765.083
1766.017
1766.950
1767.900
1768.833
1769.767
1770.700
1771.650
1772.583
1773.517
1774.450
1775.400
1776.333
1777.267
1778.200
1779.150
1779.617
1780.083
1780.550
1781.017
1781.483
1781.950
1782.417
1782.900
1783.367
1783.833
1784.300
1784.767
1785.233
1785.700
1786.167
1786.650
1787.117
1787.583
1788.050
1788.517
1788.983
1789.450
1789.917
1790.400
1790.867
1791.333
1791.800
1792.267
1792.733
1793.200
1793.667
1794.150
1794.383
1794.617
1795.083
1795.317
1795.550
1796.017
1796.250
1796.483
1796.950
1797.183
1797.417
1797.900
1798.133
1798.367
1798.833
1799.067
1799.300
1799.767
1800.000
1800.233
1800.700
1800.933
1801.167
1801.650
1801.883
1802.117
1802.583
1802.817
1803.050
1803.517
1803.750
1803.983
1804.450
1804.683
1804.917
1805.400
1805.633
1805.867
1806.333
1806.567
1806.800
1807.267
1807.500
1807.733
1808.200
1808.433
1808.667
1809.150
1809.383
1809.617
1809.850
1810.083
1810.317
1810.550
1810.783
1811.017
1811.250
1811.483
1811.717
1811.950
1812.183
1812.417
1812.650
1812.900
1813.133
1813.367
1813.600
1813.833
1814.067
1814.300
1814.533
1814.767
1815.000
1815.233
1815.467
1815.700
1815.933
1816.167
1816.400
1816.650
1816.883
1817.117
1817.350
1817.583
1817.817
1818.050
1818.283
1818.517
1818.750
1818.983
1819.217
1819.450
1819.683
1819.917
1820.150
1820.400
1820.517
1820.633
1820.750
1820.867
1820.983
1821.100
1821.217
1821.333
1821.450
1821.567
1821.683
1821.800
1821.917
1822.033
1822.150
1822.267
1822.383
1822.500
1822.617
1822.733
1822.850
1822.967
1823.083
1824.150
1824.383
1824.617
1824.850
1825.083
1825.317
1825.550
1825.783
1826.017
1826.250
1826.483
1826.717
1826.950
1827.183
1827.417
1827.650
1827.900
1828.133
1828.367
1828.600
1828.833
1829.067
1829.300
1829.533
1829.767
1830.000
1830.233
1830.467
1830.700
1830.933
1831.167
1831.400
1831.650
1831.883
1832.117
1832.350
1832.583
1832.817
1833.050
1833.283
1833.517
1833.750
1833.983
1834.217
1834.450
1834.683
1834.917
1835.150
1835.400
1835.633
1835.867
1836.100
1836.333
1836.567
1836.800
1837.033
1837.267
1837.500
1837.733
1837.967
1839.150
1839.383
1840.083
1840.317
1841.017
1841.250
1841.950
1842.183
1842.900
1843.133
1843.833
1844.067
1844.767
1845.000
1845.700
1845.933
1846.650
1846.883
1847.583
1847.817
1848.517
1848.750
1849.450
1849.683
1850.400
1850.633
1851.333
1851.567
1852.267
1852.500
1853.200
1853.433
1854.150
1854.383
1854.617
1854.850
1855.083
1855.317
1855.550
1855.783
1855.900
1856.017
1856.250
1856.483
1856.717
1856.950
1857.183
1857.417
1857.650
1857.783
1857.900
1858.133
1858.367
1858.600
1858.833
1859.067
1859.300
1859.533
1859.650
1859.767
1860.000
1860.233
1860.467
1860.700
1860.933
1861.167
1861.400
1861.533
1861.650
1861.883
1862.117
1862.350
1862.583
1862.817
1863.050
1863.283
1863.400
1863.517
1863.750
1863.983
1864.217
1864.450
1864.683
1864.917
1865.150
1865.283
1865.400
1865.633
1865.867
1866.100
1866.333
1866.567
1866.800
1867.033
1867.150
1867.267
1867.500
1867.733
1867.967
1869.150
1869.617
1870.083
1870.550
1871.017
1871.483
1871.950
1872.417
1872.900
1873.367
1873.833
1874.300
1874.767
1875.233
1875.700
1876.167
1876.650
1877.117
1877.583
1878.050
1878.517
1878.983
1879.450
1879.917
1880.400
1880.867
1881.333
1881.800
1882.267
1882.733
1883.200
1883.667
1884.150
1884.617
1885.083
1885.550
1886.017
1886.483
1886.950
1887.417
1887.900
1888.367
1888.833
1889.300
1889.767
1890.233
1890.700
1891.167
1891.650
1892.117
1892.583
1893.050
1893.517
1893.983
1894.450
1894.917
1895.400
1895.867
1896.333
1896.800
1897.267
1897.733
1898.200
1898.667
1900.938
1901.138
1901.339
1901.539
1901.739
1901.940
1902.140
1902.341
1902.541
1902.741
1902.942
1903.142
1903.343
1903.543
1903.743
1903.944
1904.144
1904.345
1904.545
1904.745
1904.946
1905.146
1905.347
1905.547
1905.747
1905.948
1906.148
1906.349
1906.549
1906.750
1906.950
1907.150
1907.351
1907.551
1907.752
1907.952
1908.152
1908.353
1908.553
1908.754
1908.954
1909.154
1909.355
1909.555
1909.756
1909.956
1910.156
1910.357
1910.557
1910.758
1910.958
1911.158
1911.359
1911.559
1911.760
1911.960
1912.160
1912.361
1912.561
1912.762
1912.962
1913.162
1913.363
1913.563
1913.764
1913.964
1914.164
1914.365
1914.565
1914.766
1914.966
1915.166
1915.367
1915.567
1915.768
1915.968
1916.168
1916.369
1916.569
1916.770
1916.970
1917.170
1917.371
1917.571
1917.772
1917.972
1918.172
1918.373
1918.573
1918.774
1918.974
1919.174
1919.375
1919.575
1919.776
1919.976
1920.176
1920.377
1920.577
1920.778
1920.978
1921.179
1921.379
1921.579
1921.780
1921.980
1922.181
1922.381
1922.581
1922.782
1922.982
1923.183
1923.383
1923.583
1923.784
1923.984
1924.185
1924.385
1924.585
1924.786
1924.986
1925.187
1925.387
1925.587
1925.788
1925.988
1926.189
1926.389
1926.589
1926.790
1926.990
1927.191
1927.391
1927.591
1927.792
1927.992
1928.193
1928.393
1928.593
1928.794
1928.994
1929.195
1929.395
1929.595
1929.796
1929.996
1930.197
1930.397
1930.597
1930.798
1930.998
1931.199
1931.399
1931.599
1931.800
1932.000
1932.201
1932.401
1932.601
1932.802
1933.002
1933.203
1933.403
1933.603
1933.804
1934.004
1934.205
1934.405
1934.605
1934.806
1935.006
1935.207
1935.407
1935.608
1935.808
1936.008
1936.209
1936.409
1936.610
1936.810
1937.010
1937.211
1937.411
1937.612
1937.812
1938.012
1938.213
1938.413
1938.614
1938.814
1939.014
1939.215
1939.415
1939.616
1939.816
1940.016
1940.217
1940.417
1940.618
1940.818
1941.018
1941.219
1941.419
1941.620
1941.820
1942.020
1942.221
1942.421
1942.622
1942.822
1943.022
1943.223
1943.423
1943.624
1943.824
1944.024
1944.225
1944.425
1944.626
1944.826
1945.026
1945.227
1945.427
1945.628
1945.828
1946.028
1946.229
1946.429
1946.630
1946.830
1947.030
1947.231
1947.431
1947.632
1947.832
1948.032
1948.233
1948.433
1948.634
1948.834
1949.034
1949.235
1949.435
1949.636
1949.836
1950.037
1950.237
1950.437
1950.638
1950.838
1951.039
1951.239
1951.439
1951.640
1951.840
1952.041
1952.241
1952.441
1952.642
1952.842
1953.043
1953.243
1953.443
1953.644
1953.844
1954.045
1954.245
1954.445
1954.646
1954.846
1955.047
1955.247
1955.447
1955.648
1955.848
1956.049
1956.249
1956.449
1956.650
1956.850
1957.051
1957.251
1957.451
1957.652
1957.852
1958.053
1958.253
1958.453
1958.654
1958.854
1959.055
1959.255
1959.455
1959.656
1959.856
1960.057
1960.257
1960.457
1960.658
1960.858
1961.059
1961.259
1961.459
1961.660
1961.860
1962.061
1962.261
1962.461
1962.662
1962.862
1963.063
1963.263
1963.463
1963.664
1963.864
1964.065
1964.265
1964.466
1964.666
1964.866
1965.067
1965.267
1965.468
1965.668
1965.868
1966.069
1966.269
1966.470
1966.670
1966.870
1967.071
1967.271
1967.472
1967.672
1967.872
1968.073
1968.273
1968.474
1968.674
1968.874
1969.075
1969.275
1969.476
1969.676
1969.876
1970.077
1970.277
1970.478
1970.678
1970.878
1971.079
1971.279
1971.480
1971.680
1971.880
1972.081
1972.281
1972.482
1972.682
1972.882
1973.083
1973.283
1973.484
1973.684
1973.884
1974.085
1974.285
1974.486
1974.686
1974.886
1975.087
1975.287
1975.488
1975.688
1975.888
1976.089
1976.289
1976.490
1976.690
1976.890
1977.091
1977.291
1977.492
1977.692
1977.892
1978.093
1978.293
1978.494
1978.694
1978.895
1979.095
1979.295
1979.496
1979.696
1979.897
1980.097
1980.297
1980.498
1980.698
1980.899
1981.099
1981.299
1981.500
1981.700
1981.901
1982.101
1982.301
1982.502
1982.702
1982.903
1983.103
1983.303
1983.504
1983.704
1983.905
1984.105
1984.305
1984.506
1984.706
1984.907
1985.107
1985.307
1985.508
1985.708
1985.909
1986.109
1986.309
1986.510
1986.710
1986.911
1987.111
1987.311
1987.512
1987.712
1987.913
1988.113
1988.313
1988.514
1988.714
1988.915
1989.115
1989.315
1989.516
1989.716
1989.917
1990.117
1990.317
1990.518
1990.718
1990.919
1991.119
1991.319
1991.520
1991.720
1991.921
1992.121
1992.322
1992.522
1992.722
1992.923
1993.123
1993.324
1993.524
1993.724
1993.925
1994.125
1994.326
1994.526
1994.726
1994.927
1995.127
1995.328
1995.528
1995.728
1995.929
1996.129
1996.330
1996.530
1996.730
1996.931
1997.131
1997.332
1997.532
1997.732
1997.933
1998.133
1998.334
1998.534
1998.734
1998.935
1999.135
1999.336
1999.536
1999.736
1999.937
2000.137
2000.338
2000.538
2000.738
2000.939
2001.139
2001.340
2001.540
2001.740
2001.941
2002.141
2002.342
2002.542
2002.742
2002.943
2003.143
2003.344
2003.544
2003.744
2003.945
2004.145
2004.346
2004.546
2004.746
2004.947
2005.147
2005.348
2005.548
2005.748
2005.949
2006.149
2006.350
2006.550
2006.751
2006.951
2007.151
2007.352
2007.552
2007.753
2007.953
2008.153
2008.354
2008.554
2008.755
2008.955
2009.155
2009.356
2009.556
2009.757
2009.957
2010.157
2010.358
2010.558
2010.759
2010.959
2011.159
2011.360
2011.560
2011.761
2011.961
2012.161
2012.362
2012.562
2012.763
2012.963
2013.163
2013.364
2013.564
2013.765
2013.965
2014.165
2014.366
2014.566
2014.767
2014.967
2015.167
2015.368
2015.568
2015.769
2015.969
2016.169
2016.370
2016.570
2016.771
2016.971
2017.171
2017.372
2017.572
2017.773
2017.973
2018.173
2018.374
2018.574
2018.775
2018.975
2019.175
2019.376
2019.576
2019.777
2019.977
2020.177
2020.378
2020.578
2020.779
2020.979
2021.180
2021.380
2021.580
2021.781
2021.981
2022.182
2022.382
2022.582
2022.783
2022.983
2023.184
2023.384
2023.584
2023.785
2023.985
2024.186
2024.386
2024.586
2024.787
2024.987
2025.188
2025.388
2025.588
2025.789
2025.989
2026.190
2026.390
2026.590
2026.791
2026.991
2027.192
2027.392
2027.592
2027.793
2027.993
2028.194
2028.394
2028.594
2028.795
2028.995
2029.196
2029.396
2029.596
2029.797
2029.997
2030.198
2030.398
2030.598
2030.799
2030.999
2031.200
2031.400
2031.600
2031.801
2032.001
2032.202
2032.402
2032.602
2032.803
2033.003
2033.204
2033.404
2033.604
2033.805
2034.005
2034.206
2034.406
2034.606
2034.807
2035.007
2035.208
2035.408
2035.609
2035.809
2036.009
2036.210
2036.410
2036.611
2036.811
2037.011
2037.212
2037.412
2037.613
2037.813
2038.013
2038.214
2038.414
2038.615
2038.815
2039.015
2039.216
2039.416
2039.617
2039.817
2040.017
2040.218
2040.418
2040.619
2040.819
2041.019
2041.220
2041.420
2041.621
2041.821
2042.021
2042.222
2042.422
2042.623
2042.823
2043.023
2043.224
2043.424
2043.625
2043.825
2044.025
2044.226
2044.426
2044.627
2044.827
2045.027
2045.228
2045.428
2045.629
2045.829
2046.029
2046.230
2046.430
2046.631
2046.831
2047.031
2047.232
2047.432
2047.633
2047.833
2048.033
2048.234
2048.434
2048.635
2048.835
2049.035
2049.236
2049.436
2049.637
2049.837
2050.038
2050.238
2050.438
2050.639
2050.839
2051.040
2051.240
2051.440
2051.641
2051.841
2052.042
2052.242
2052.442
2052.643
2052.843
2053.044
2053.244
2053.444
2053.645
2053.845
2054.046
2054.246
2054.446
2054.647
2054.847
2055.048
2055.248
2055.448
2055.649
2055.849
2056.050
2056.250
2056.450
2056.651
2056.851
2057.052
2057.252
2057.452
2057.653
2057.853
2058.054
2058.254
2058.454
2058.655
2058.855
2059.056
2059.256
2059.456
2059.657
2059.857
2060.058
2060.258
2060.458
2060.659
2060.859
2061.060
2061.260
2061.460
2061.661
2061.861
2062.062
2062.262
2062.462
2062.663
2062.863
2063.064
2063.264
2063.464
2063.665
2063.865
2064.066
2064.266
2064.467
2064.667
2064.867
2065.068
2065.268
2065.469
2065.669
2065.869
2066.070
2066.270
2066.471
2066.671
2066.871
2067.072
2067.272
2067.473
2067.673
2067.873
2068.074
2068.274
2068.475
2068.675
2068.875
2069.076
2069.276
2069.477
2069.677
2069.877
2070.078
2070.278
2070.479
2070.679
2070.879
2071.080
2071.280
2071.481
2071.681
2071.881
2072.082
2072.282
2072.483
2072.683
2072.883
2073.084
2073.284
2073.485
2073.685
2073.885
2074.086
2074.286
2074.487
2074.687
2074.887
2075.088
2075.288
2075.489
2075.689
2075.889
2076.090
2076.290
2076.491
2076.691
2076.891
2077.092
2077.292
2077.493
2077.693
2077.893
2078.094
2078.294
2078.495
2078.695
2078.896
2079.096
2079.296
2079.497
2079.697
2079.898
2080.098
2080.298
2080.499
2080.699
2080.900
2081.100
2081.300
2081.501
2081.701
2081.902
2082.102
2082.302
2082.503
2082.703
2082.904
2083.104
2083.304
2083.505
2083.705
2083.906
2084.106
2084.306
2084.507
2084.707
2084.908
2085.108
2085.308
2085.509
2085.709
2085.910
2086.110
2086.310
2086.511
2086.711
2086.912
2087.112
2087.312
2087.513
2087.713
2087.914
2088.114
2088.314
2088.515
2088.715
2088.916
2089.116
2089.316
2089.517
2089.717
2089.918
2090.118
2090.318
2090.519
2090.719
2090.920
2091.120
2091.320
2091.521
2091.721
2091.922
2092.122
2092.322
2092.523
2092.723
2092.924
2093.124
2093.325
2093.525
2093.725
2093.926
2094.126
2094.327
2094.527
2094.727
