90.583
92.129
93.674
95.219
96.764
98.310
99.855
101.400
102.950
103.725
104.500
105.275
106.050
106.825
107.600
108.375
109.150
109.925
110.700
111.475
112.250
113.025
113.800
114.567
114.954
115.341
115.727
116.114
116.501
116.888
117.275
117.662
118.049
118.436
118.823
119.210
119.597
119.984
120.371
120.758
121.145
121.532
121.919
122.306
122.692
123.079
123.466
123.853
124.240
124.627
125.014
125.401
125.788
126.175
126.562
126.949
127.336
127.723
128.110
128.497
128.884
129.271
129.657
130.044
130.431
130.818
131.205
131.592
131.979
132.366
132.753
133.140
133.527
133.914
134.301
134.688
135.075
135.462
135.849
136.236
136.622
137.009
137.396
137.783
139.717
139.910
140.104
140.298
140.491
140.685
140.879
141.072
141.266
141.459
141.653
141.847
142.040
142.234
142.428
142.621
142.815
143.009
143.202
143.396
143.590
143.783
143.977
144.171
144.364
144.558
144.751
144.945
145.139
145.332
145.526
145.720
145.913
146.107
146.301
146.494
146.688
146.882
147.075
147.269
147.463
147.656
147.850
148.043
148.237
148.431
148.624
148.818
149.012
149.205
149.399
149.593
149.786
149.980
150.174
150.367
150.561
150.755
150.948
151.142
151.335
151.529
151.723
151.916
152.110
152.304
152.497
152.691
152.885
153.078
153.272
153.466
153.659
153.853
154.047
154.240
154.434
154.628
154.821
155.015
155.208
155.402
155.596
155.789
155.983
156.177
156.370
156.564
156.758
156.951
157.145
157.339
157.532
157.726
157.920
158.113
158.307
158.500
158.694
158.888
159.081
159.275
159.469
159.662
159.856
160.050
160.243
160.437
160.631
160.824
161.018
161.212
161.405
161.599
161.792
161.986
162.180
162.373
162.567
162.761
162.954
163.148
163.342
163.535
163.729
163.923
164.116
164.310
164.504
164.697
164.891
165.084
165.278
165.472
165.665
165.859
166.053
166.246
166.440
166.634
166.827
167.021
167.215
167.408
167.602
167.796
167.989
168.183
168.376
168.570
168.764
168.957
169.151
169.345
169.538
169.732
169.926
170.119
170.313
170.507
170.700
170.894
171.088
171.281
171.475
171.668
171.862
172.056
172.249
172.443
172.637
172.830
173.024
173.218
173.411
173.605
173.799
173.992
174.186
174.380
174.573
174.767
174.960
175.154
175.348
175.541
175.735
175.929
176.122
176.316
176.510
176.703
176.897
177.091
177.284
177.478
177.672
177.865
178.059
178.252
178.446
178.640
178.833
179.027
179.221
179.414
179.608
179.802
179.995
180.189
180.383
180.576
180.770
180.964
181.157
181.351
181.544
181.738
181.932
182.125
182.319
182.513
182.706
182.900
183.117
183.282
183.447
183.613
183.778
183.944
184.109
184.274
184.440
184.605
184.771
184.936
185.101
185.267
185.432
185.597
185.763
185.928
186.094
186.259
186.424
186.590
186.755
186.921
187.086
187.251
187.417
196.050
196.986
197.921
198.857
199.792
200.728
201.663
202.599
203.534
204.470
205.406
206.341
207.277
208.212
209.148
210.083
211.000
211.483
211.950
212.883
213.350
213.833
214.767
215.233
215.700
216.633
217.117
217.583
218.517
219.000
219.467
220.400
220.867
221.333
222.267
222.733
223.217
224.150
225.100
226.017
226.967
227.900
228.850
229.783
230.717
231.650
232.600
233.533
233.983
234.450
235.383
235.850
236.317
237.250
237.717
238.200
239.133
239.600
240.067
241.000
241.469
241.939
242.408
242.877
243.347
243.816
244.285
244.755
245.224
245.694
246.163
246.632
247.102
247.571
248.040
248.510
248.979
249.448
249.918
250.387
250.856
251.326
251.795
252.265
252.734
253.203
253.673
254.142
254.611
255.081
255.550
256.033
256.268
256.502
256.737
256.971
257.205
257.440
257.674
257.909
258.143
258.377
258.612
258.846
259.081
259.315
259.549
259.784
260.018
260.253
260.487
260.722
260.956
261.190
261.425
261.659
261.894
262.128
262.362
262.597
262.831
263.066
263.300
263.567
263.694
263.821
263.948
264.075
264.202
264.329
264.457
264.584
264.711
264.838
264.965
265.092
265.219
265.347
265.474
265.601
265.728
265.855
265.982
266.109
266.236
266.364
266.491
266.618
266.745
266.872
266.999
267.126
267.253
267.381
267.508
267.635
267.762
267.889
268.016
268.143
268.271
268.398
268.525
268.652
268.779
268.906
269.033
270.533
271.000
271.467
271.950
272.883
273.350
273.817
274.750
275.233
275.700
276.633
277.100
277.567
278.517
278.983
279.450
280.400
280.850
281.317
282.267
282.733
283.200
284.150
284.617
286.017
286.483
286.950
287.417
287.883
288.367
288.833
289.300
289.767
290.233
290.717
291.183
291.650
292.117
292.583
293.050
293.517
294.000
294.467
294.933
295.400
295.867
296.333
296.800
297.283
297.750
298.217
298.683
299.150
299.617
300.100
300.533
301.000
301.467
301.933
302.400
302.867
303.350
303.817
304.283
304.750
305.217
305.700
306.167
306.633
307.100
307.567
308.033
308.500
308.733
308.967
309.217
309.450
309.667
309.917
310.133
310.383
310.617
310.850
311.083
311.317
311.550
311.783
312.017
312.250
312.500
312.717
312.967
313.200
313.433
313.667
313.900
314.133
314.367
314.600
314.833
315.083
315.300
315.550
315.767
316.017
316.950
317.883
318.833
319.767
320.700
321.650
322.583
323.533
324.000
324.467
324.933
325.400
325.867
326.350
326.817
327.283
327.517
327.767
327.983
328.233
328.450
328.700
328.933
329.167
330.100
331.033
331.500
331.967
332.917
333.383
333.817
334.750
335.217
335.683
336.617
337.083
337.567
338.517
338.983
339.450
340.383
340.850
341.317
342.250
342.717
343.200
344.133
344.617
345.083
346.017
346.483
346.950
347.417
347.883
348.350
348.833
349.300
349.767
350.233
350.700
351.167
351.633
352.100
352.583
353.050
353.517
353.983
354.217
354.467
354.700
354.933
355.167
355.400
355.633
355.867
356.100
356.333
356.567
356.800
357.050
357.267
357.517
357.733
357.983
358.217
358.450
358.683
358.917
359.150
359.383
359.617
359.850
360.100
360.333
360.567
360.800
361.017
361.967
362.900
363.850
364.783
365.717
366.650
367.567
368.517
369.450
370.383
371.317
372.250
373.200
374.133
375.083
376.050
376.517
376.983
377.450
377.917
378.152
378.388
378.624
378.860
379.095
379.331
379.567
379.833
380.000
380.167
380.333
380.500
380.667
380.833
381.000
381.167
381.333
381.500
381.667
382.150
382.617
383.083
383.550
383.785
384.019
384.254
384.489
384.723
384.958
385.193
385.427
385.662
385.897
386.131
386.366
386.601
386.835
387.070
387.304
387.539
387.774
388.008
388.243
388.478
388.712
388.947
389.182
389.416
389.651
389.886
390.120
390.355
390.590
390.824
391.059
391.294
391.528
391.763
391.998
392.232
392.467
392.702
392.936
393.171
393.406
393.640
393.875
394.110
394.344
394.579
394.813
395.048
395.283
395.517
395.752
395.987
396.221
396.456
396.691
396.925
397.160
397.395
397.629
397.864
398.099
398.333
398.600
398.764
398.929
399.093
399.258
399.422
399.587
399.751
399.916
400.080
400.245
400.409
400.574
400.738
400.902
401.067
401.231
401.396
401.560
401.725
401.889
402.054
402.218
402.383
402.547
402.712
402.876
403.040
403.205
403.369
403.534
403.698
403.863
404.027
404.192
404.356
404.521
404.685
404.850
405.014
405.178
405.343
405.507
405.672
405.836
406.001
406.165
406.330
406.494
406.659
406.823
406.987
407.152
407.316
407.481
407.645
407.810
407.974
408.139
408.303
408.468
408.632
408.797
408.961
409.125
409.290
409.454
409.619
409.783
410.033
410.268
410.502
410.737
410.971
411.206
411.440
411.674
411.909
412.143
412.378
412.612
412.847
413.081
413.316
413.550
414.017
414.483
414.967
415.417
415.900
416.367
416.833
417.300
417.767
418.233
419.167
419.650
420.117
421.050
422.000
422.933
423.867
424.800
426.683
428.550
430.433
432.294
440.200
440.683
441.150
441.617
442.083
442.550
443.017
443.483
443.950
444.433
444.900
445.367
445.833
446.300
446.783
447.250
447.717
448.183
448.650
449.117
449.583
450.050
450.533
451.000
451.467
451.933
452.417
452.883
453.350
453.817
454.750
455.217
455.700
456.167
456.633
457.100
457.567
458.050
458.500
458.967
459.450
459.917
460.383
460.850
461.317
461.800
462.267
462.733
463.200
463.667
464.133
464.600
465.083
465.550
466.017
466.483
466.950
467.400
467.867
468.333
468.800
469.267
469.733
470.683
471.617
472.567
473.517
474.450
475.383
476.317
477.250
477.717
478.183
479.117
479.583
480.050
481.000
481.467
481.933
482.867
483.350
483.817
484.750
485.217
485.683
486.167
486.633
487.100
487.567
488.033
488.500
488.967
489.433
489.900
490.367
490.850
491.317
491.783
492.267
492.501
492.736
492.970
493.204
493.439
493.673
493.908
494.142
494.377
494.611
494.846
495.080
495.314
495.549
495.783
496.033
496.197
496.361
496.525
496.688
496.852
497.016
497.180
497.343
497.507
497.671
497.835
497.999
498.162
498.326
498.490
498.654
498.817
498.981
499.145
499.309
499.472
499.636
499.800
500.233
500.667
501.150
501.617
502.083
502.550
503.017
503.483
503.950
504.417
504.883
505.350
505.833
506.300
506.783
507.250
507.717
508.183
509.117
509.583
510.050
510.983
511.467
511.933
512.867
513.102
513.337
513.573
513.808
514.044
514.279
514.515
514.750
515.217
515.683
516.150
516.617
517.100
517.567
518.033
518.500
518.967
519.433
519.900
520.367
520.850
521.317
521.783
522.250
522.733
523.200
523.667
524.133
524.600
525.067
525.533
526.000
526.950
527.900
528.833
529.300
529.750
530.233
530.700
531.633
532.117
532.583
533.517
533.950
534.417
535.350
535.833
536.300
537.250
537.717
538.183
538.650
539.117
539.583
540.050
540.517
540.983
541.450
541.933
542.400
542.867
543.333
543.817
544.267
544.733
545.217
545.683
546.617
547.083
547.567
548.500
548.967
549.433
550.367
550.850
551.317
552.250
552.733
553.200
554.133
554.600
555.067
556.000
556.950
557.883
558.817
559.750
560.233
560.700
561.633
562.100
562.583
563.517
563.983
564.450
565.383
565.850
566.333
567.250
567.717
568.183
569.100
569.583
570.050
570.983
571.450
571.933
572.867
573.333
573.800
574.733
575.217
575.683
576.150
576.617
577.083
577.550
578.017
578.500
578.967
579.433
579.900
580.367
580.833
581.317
581.783
582.250
582.717
583.183
583.650
584.133
584.600
585.067
585.533
586.000
586.467
586.933
587.417
587.883
588.350
588.817
589.283
589.750
590.700
591.633
592.583
593.517
594.450
595.383
596.333
597.267
597.733
598.200
599.133
599.600
600.083
600.983
601.450
601.917
602.867
603.333
603.800
604.383
604.733
605.200
605.667
606.150
606.617
607.083
607.550
608.017
608.483
608.967
609.433
609.900
610.367
610.833
611.300
611.783
612.018
612.252
612.486
612.721
612.955
613.189
613.424
613.658
613.892
614.127
614.361
614.595
614.830
615.064
615.298
615.533
615.767
616.002
616.236
616.470
616.705
616.939
617.173
617.408
617.642
617.876
618.111
618.345
618.579
618.814
619.048
619.282
619.517
619.783
619.950
620.116
620.282
620.449
620.615
620.781
620.947
621.114
621.280
621.446
621.613
621.779
621.945
622.111
622.278
622.444
622.610
622.777
622.943
623.109
623.276
623.442
623.608
623.774
623.941
624.107
624.273
624.440
624.606
624.772
624.939
625.105
625.271
625.437
625.604
625.770
625.936
626.103
626.269
626.435
626.601
626.768
626.934
627.100
627.267
627.483
627.719
627.956
628.192
628.428
628.664
628.900
629.600
629.850
630.067
630.317
630.550
630.783
631.483
631.717
631.950
632.183
632.417
632.650
632.900
633.117
633.367
633.600
633.833
634.033
634.267
634.500
634.733
635.200
635.667
636.150
636.617
637.083
637.550
638.017
638.483
638.950
639.417
639.900
640.350
640.833
641.300
641.783
642.250
642.717
643.183
643.650
644.117
644.583
645.050
645.517
646.000
646.933
647.883
648.817
649.283
649.750
650.217
650.683
651.167
651.633
652.100
652.567
653.033
653.500
653.967
654.433
654.900
655.367
655.833
656.317
656.800
657.267
657.501
657.735
657.970
658.204
658.439
658.673
658.908
659.142
659.376
659.611
659.845
660.080
660.314
660.548
660.783
661.017
661.252
661.486
661.720
661.955
662.189
662.424
662.658
662.892
663.127
663.361
663.596
663.830
664.065
664.299
664.533
664.917
665.082
665.247
665.412
665.577
665.743
665.908
666.073
666.238
666.403
666.568
666.734
666.899
667.064
667.229
667.394
667.559
667.725
667.890
668.055
668.220
668.385
668.550
668.716
668.881
669.046
669.211
669.376
669.542
669.707
669.872
670.037
670.202
670.367
670.533
670.698
670.863
671.028
671.193
671.358
671.524
671.689
671.854
672.019
672.184
672.350
672.515
672.680
672.845
673.010
673.175
673.341
673.506
673.671
673.836
674.001
674.166
674.332
674.497
674.662
674.827
674.992
675.157
675.323
675.488
675.653
675.818
675.983
677.033
677.967
678.917
679.733
680.217
680.683
681.167
681.617
682.083
682.567
683.033
683.500
683.967
684.433
684.900
685.367
685.850
686.317
686.800
687.250
687.733
688.200
688.667
689.133
689.600
690.067
690.533
691.000
691.467
691.950
692.433
692.907
693.381
693.854
694.328
694.802
726.683
727.167
727.633
728.117
728.583
729.050
729.533
730.000
730.467
730.933
731.400
731.867
732.333
732.817
733.283
733.750
734.183
734.650
735.117
735.583
736.050
736.517
736.983
737.450
737.933
738.400
738.867
739.333
739.817
740.283
740.750
741.217
741.683
742.150
742.617
743.100
743.567
744.033
744.517
744.983
745.450
745.917
746.383
746.850
747.317
747.783
748.267
748.733
749.200
749.667
750.133
750.600
751.067
751.533
752.000
752.467
752.950
753.417
753.883
754.350
754.833
755.300
755.767
756.233
756.700
757.183
757.633
758.117
758.350
759.050
759.283
759.517
759.750
759.983
760.217
760.467
760.933
761.383
761.867
762.100
762.800
763.033
763.267
763.500
763.750
763.967
764.217
764.683
765.150
765.617
765.867
766.550
766.800
767.017
767.267
767.467
767.700
767.933
768.400
768.867
769.350
769.583
770.283
770.750
771.217
771.683
772.150
772.617
773.083
773.567
774.033
774.500
774.967
775.433
775.900
776.367
776.850
777.317
777.783
778.250
778.717
779.200
779.667
780.133
780.600
781.067
781.533
782.000
782.483
782.950
783.417
783.883
784.350
784.833
785.300
785.767
786.233
786.700
787.167
788.833
790.700
792.567
794.000
794.467
796.333
798.200
800.083
801.450
801.917
802.150
803.050
803.983
804.917
805.850
806.783
807.733
808.683
809.617
810.550
811.483
812.433
813.367
814.317
815.250
816.183
817.133
817.617
818.083
818.567
819.017
819.500
819.967
820.433
820.900
821.367
821.833
822.300
822.767
823.233
823.717
824.183
824.650
825.117
825.583
826.067
826.533
827.000
827.467
827.933
828.400
828.883
829.350
829.817
830.283
830.750
831.217
831.683
832.133
832.617
833.083
833.550
834.017
834.450
834.917
835.383
835.850
836.317
836.783
837.267
837.733
838.217
838.683
839.150
839.617
840.083
840.550
841.017
841.483
841.950
842.417
842.900
843.367
843.850
844.317
844.783
845.250
845.717
846.167
846.650
847.150
847.384
847.619
847.853
848.087
848.322
848.556
848.791
849.025
849.259
849.494
849.728
849.962
850.197
850.431
850.666
850.900
851.134
851.369
851.603
851.837
852.072
852.306
852.541
852.775
853.009
853.244
853.478
853.712
853.947
854.181
854.416
854.650
854.884
855.119
855.353
855.587
855.822
856.056
856.291
856.525
856.759
856.994
857.228
857.462
857.697
857.931
858.166
858.400
858.634
858.869
859.103
859.337
859.572
859.806
860.041
860.275
860.509
860.744
860.978
861.212
861.447
861.681
861.916
862.150
862.384
862.619
862.853
863.087
863.322
863.556
863.791
864.025
864.259
864.494
864.728
864.962
865.197
865.431
865.666
865.900
866.134
866.369
866.603
866.837
867.072
867.306
867.541
867.775
868.009
868.244
868.478
868.712
868.947
869.181
869.416
869.650
869.884
870.119
870.353
870.587
870.822
871.056
871.291
871.525
871.759
871.994
872.228
872.462
872.697
872.931
873.166
873.400
873.634
873.869
874.103
874.337
874.572
874.806
875.041
875.275
875.509
875.744
875.978
876.212
876.447
876.681
876.916
877.150
877.384
877.619
877.853
878.087
878.322
878.556
878.791
879.025
879.259
879.494
879.728
879.962
880.197
880.431
880.666
880.900
881.134
881.369
881.603
881.837
882.072
882.306
882.541
882.775
883.009
883.244
883.478
883.712
883.947
884.181
884.416
884.650
884.884
885.119
885.353
885.587
885.822
886.056
886.291
886.525
886.759
886.994
887.228
887.462
887.697
887.931
888.166
888.400
888.634
888.869
889.103
889.337
889.572
889.806
890.041
890.275
890.509
890.744
890.978
891.212
891.447
891.681
891.916
892.150
892.384
892.619
892.853
893.087
893.322
893.556
893.791
894.025
894.259
894.494
894.728
894.962
895.197
895.431
895.666
895.900
896.134
896.369
896.603
896.837
897.072
897.306
897.541
897.775
898.009
898.244
898.478
898.712
898.947
899.181
899.416
899.650
899.884
900.119
900.353
900.587
900.822
901.056
901.291
901.525
901.759
901.994
902.228
902.462
902.697
902.931
903.166
903.400
903.634
903.869
904.103
904.337
904.572
904.806
905.041
905.275
905.509
905.744
905.978
906.212
906.447
906.681
906.916
907.150
907.384
907.619
907.853
908.087
908.322
908.556
908.791
909.025
909.259
909.494
909.728
909.962
910.197
910.431
910.666
910.900
911.134
911.369
911.603
911.837
912.072
912.306
912.541
912.775
913.009
913.244
913.478
913.712
913.947
914.181
914.416
914.650
914.884
915.119
915.353
915.587
915.822
916.056
916.291
916.525
916.759
916.994
917.228
917.462
917.697
917.931
918.166
918.400
918.883
919.350
919.817
920.283
920.767
921.233
921.700
922.167
922.633
923.100
923.567
924.033
924.517
924.983
925.450
925.933
926.400
926.867
927.333
927.800
928.267
928.733
929.200
929.667
930.150
930.617
931.083
931.550
932.017
932.483
932.950
933.417
933.900
934.333
934.800
935.267
935.750
936.217
936.683
937.150
937.617
938.083
938.550
939.050
939.483
939.950
940.460
971.167
971.850
972.550
973.217
973.917
974.600
975.283
975.967
976.650
977.350
978.017
978.717
979.400
980.083
980.767
981.450
982.150
982.493
982.835
983.178
983.520
983.863
984.206
984.548
984.891
985.233
985.576
985.919
986.261
986.604
986.946
987.289
987.631
987.974
988.317
988.659
989.002
989.344
989.687
990.030
990.372
990.715
991.057
991.400
993.117
993.459
993.801
994.144
994.486
994.828
995.171
995.513
995.855
996.197
996.540
996.882
997.224
997.567
997.917
998.088
998.260
998.431
998.603
998.775
998.946
999.118
999.290
999.461
999.633
999.804
999.976
1000.148
1000.319
1000.491
1000.662
1000.834
1001.006
1001.177
1001.349
1001.520
1001.692
1001.864
1002.035
1002.207
1002.378
1002.550
1004.083
1004.426
1004.769
1005.111
1005.454
1005.797
1006.140
1006.482
1006.825
1007.168
1007.510
1007.853
1008.196
1008.539
1008.881
1009.224
1009.567
1009.909
1010.252
1010.595
1010.937
1011.280
1011.623
1011.966
1012.308
1012.651
1012.994
1013.336
1013.679
1014.022
1014.365
1014.707
1015.050
1015.400
1015.567
1015.733
1016.083
1016.433
1016.783
1016.950
1017.117
1017.450
1017.800
1018.133
1018.317
1018.483
1018.817
1019.167
1019.500
1019.683
1019.850
1020.200
1020.550
1020.883
1021.050
1021.217
1021.567
1021.900
1022.250
1022.417
1022.583
1022.950
1023.283
1023.617
1023.783
1023.967
1024.317
1024.650
1025.167
1025.683
1026.017
1026.367
1026.700
1027.400
1027.733
1028.083
1028.767
1029.117
1029.450
1030.133
1030.483
1030.817
1031.500
1031.850
1032.200
1032.883
1033.217
1033.567
1034.250
1034.600
1034.933
1035.617
1035.983
1036.300
1037.000
1037.167
1037.333
1037.517
1037.683
1037.850
1038.367
1038.550
1038.717
1038.883
1039.050
1039.217
1039.750
1039.917
1040.083
1040.250
1040.417
1040.583
1041.117
1041.283
1041.450
1041.617
1041.783
1041.967
1042.483
1042.650
1042.817
1043.000
1043.167
1043.350
1043.850
1044.017
1044.200
1044.367
1044.550
1044.717
1045.217
1045.567
1045.917
1046.250
1046.600
1047.967
1048.317
1048.650
1049.000
1049.350
1049.683
1050.017
1050.367
1050.717
1051.050
1051.400
1051.750
1052.083
1052.433
1052.767
1053.117
1053.450
1053.800
1053.967
1054.150
1054.483
1054.833
1055.167
1055.333
1055.517
1055.850
1056.200
1056.533
1056.717
1056.867
1057.233
1057.567
1057.917
1058.250
1058.600
1058.933
1059.105
1059.277
1059.448
1059.620
1059.791
1059.963
1060.135
1060.306
1060.478
1060.649
1060.821
1060.993
1061.164
1061.336
1061.507
1061.679
1061.851
1062.022
1062.194
1062.365
1062.537
1062.709
1062.880
1063.052
1063.223
1063.395
1063.567
1063.738
1063.910
1064.081
1064.253
1064.425
1064.596
1064.768
1064.940
1065.111
1065.283
1065.454
1065.626
1065.798
1065.969
1066.141
1066.312
1066.484
1066.656
1066.827
1066.999
1067.170
1067.342
1067.514
1067.685
1067.857
1068.028
1068.200
1069.917
1070.600
1071.283
1071.967
1072.650
1073.350
1074.017
1074.717
1075.400
1076.083
1076.767
1077.450
1078.150
1078.833
1079.517
1080.200
1080.883
1081.567
1082.296
1082.637
1082.979
1083.320
1083.662
1084.003
1084.345
1084.686
1085.028
1085.369
1085.711
1086.052
1086.394
1086.735
1087.077
1087.418
1087.760
1088.101
1088.443
1088.785
1089.126
1089.468
1089.809
1090.151
1090.492
1090.834
1091.175
1091.517
1091.850
1092.022
1092.193
1092.365
1092.536
1092.708
1092.880
1093.051
1093.223
1093.394
1093.566
1093.738
1093.909
1094.081
1094.252
1094.424
1094.596
1094.767
1094.939
1095.110
1095.282
1095.454
1095.625
1095.797
1095.969
1096.140
1096.312
1096.483
1096.655
1096.827
1096.998
1097.170
1097.341
1097.513
1097.685
1097.856
1098.028
1098.199
1098.371
1098.543
1098.714
1098.886
1099.057
1099.229
1099.401
1099.572
1099.744
1099.915
1100.087
1100.259
1100.430
1100.602
1100.773
1100.945
1101.117
1102.817
1103.000
1103.167
1103.517
1103.850
1104.200
1104.367
1104.550
1104.883
1105.217
1105.567
1105.733
1105.917
1106.250
1106.600
1106.950
1107.117
1107.283
1107.617
1107.967
1108.317
1108.483
1108.650
1109.000
1109.333
1109.683
1109.850
1110.017
1110.367
1110.717
1111.050
1111.217
1111.383
1111.750
1112.083
1112.433
1112.600
1112.767
1113.117
1113.450
1113.800
1114.133
1114.483
1114.833
1115.167
1115.517
1115.850
1116.200
1116.533
1116.883
1117.217
1117.567
1117.917
1118.250
1118.600
1118.933
1119.283
1119.617
1119.967
1120.317
1120.650
1121.000
1121.333
1121.683
1122.017
1122.367
1122.717
1123.050
1123.400
1124.767
1124.938
1125.110
1125.281
1125.452
1125.624
1125.795
1125.967
1126.138
1126.310
1126.481
1126.652
1126.824
1126.995
1127.167
1127.338
1127.510
1127.681
1127.852
1128.024
1128.195
1128.367
1128.538
1128.710
1128.881
1129.052
1129.224
1129.395
1129.567
1129.738
1129.910
1130.081
1130.252
1130.424
1130.595
1130.767
1130.938
1131.110
1131.281
1131.452
1131.624
1131.795
1131.967
1132.138
1132.310
1132.481
1132.652
1132.824
1132.995
1133.167
1133.338
1133.510
1133.681
1133.852
1134.024
1134.195
1134.367
1134.538
1134.710
1134.881
1135.052
1135.224
1135.395
1135.567
1135.738
1135.910
1136.081
1136.252
1136.424
1136.595
1136.767
1136.938
1137.110
1137.281
1137.452
1137.624
1137.795
1137.967
1138.138
1138.310
1138.481
1138.652
1138.824
1138.995
1139.167
1139.338
1139.510
1139.681
1139.852
1140.024
1140.195
1140.367
1140.538
1140.710
1140.881
1141.052
1141.224
1141.395
1141.567
1141.738
1141.910
1142.081
1142.252
1142.424
1142.595
1142.767
1142.938
1143.110
1143.281
1143.452
1143.624
1143.795
1143.967
1144.317
1144.650
1145.000
1145.350
1168.065
1168.717
1169.400
1170.083
1170.783
1171.450
1172.150
1172.817
1173.517
1174.200
1174.900
1175.583
1176.267
1176.950
1177.633
1177.983
1178.333
1178.667
1179.000
1179.350
1179.700
1180.033
1180.383
1180.733
1181.067
1181.417
1181.767
1182.100
1182.433
1182.783
1183.133
1183.467
1183.817
1184.167
1184.500
1184.833
1185.183
1185.533
1185.867
1186.217
1186.567
1186.900
1187.233
1187.600
1187.933
1188.267
1188.617
1190.000
1190.333
1190.667
1191.017
1191.367
1191.717
1192.050
1192.400
1192.733
1193.067
1193.417
1193.783
1194.117
1194.450
1194.783
1195.133
1195.483
1195.833
1196.167
1196.517
1196.850
1197.200
1197.533
1197.883
1198.233
1198.583
1198.917
1199.250
1199.600
1199.950
1200.283
1200.633
1200.983
1201.283
1201.450
1201.617
1201.983
1202.317
1202.650
1202.817
1202.983
1203.350
1203.683
1204.017
1204.200
1204.367
1204.717
1205.050
1205.400
1205.583
1205.750
1206.100
1206.417
1206.783
1206.950
1207.117
1207.450
1207.800
1208.150
1208.317
1208.483
1208.833
1209.183
1209.517
1209.683
1209.867
1210.200
1211.917
1212.267
1212.617
1212.950
1213.300
1213.633
1213.983
1214.333
1214.667
1215.017
1215.367
1215.700
1216.033
1216.383
1216.733
1217.067
1217.417
1217.767
1218.100
1218.433
1218.783
1219.133
1219.467
1219.817
1220.167
1220.500
1220.833
1221.200
1221.533
1221.867
1222.217
1222.917
1223.083
1223.250
1223.417
1223.600
1223.767
1224.283
1224.433
1224.617
1224.800
1224.967
1225.133
1225.650
1225.817
1226.000
1226.167
1226.333
1226.500
1227.017
1227.183
1227.367
1227.533
1227.717
1227.883
1228.400
1228.567
1228.733
1228.917
1229.083
1229.250
1229.783
1229.950
1230.117
1230.283
1230.450
1230.617
1231.150
1233.883
1234.233
1234.400
1234.567
1234.883
1235.217
1235.583
1235.750
1235.917
1236.250
1236.600
1236.767
1236.950
1237.117
1237.283
1237.467
1237.617
1239.350
1239.521
1239.693
1239.864
1240.036
1240.207
1240.379
1240.550
1240.722
1240.893
1241.065
1241.236
1241.408
1241.579
1241.751
1241.922
1242.093
1242.265
1242.436
1242.608
1242.779
1242.951
1243.122
1243.294
1243.465
1243.637
1243.808
1243.980
1244.151
1244.322
1244.494
1244.665
1244.837
1245.008
1245.180
1245.351
1245.523
1245.694
1245.866
1246.037
1246.209
1246.380
1246.552
1246.723
1246.894
1247.066
1247.237
1247.409
1247.580
1247.752
1247.923
1248.095
1248.266
1248.438
1248.609
1248.781
1248.952
1249.123
1249.295
1249.466
1249.638
1249.809
1249.981
1250.152
1250.324
1250.495
1250.667
1251.017
1251.367
1251.700
1251.883
1252.033
1252.400
1252.733
1253.083
1253.250
1253.417
1253.767
1254.100
1254.450
1254.617
1254.783
1255.133
1255.483
1255.833
1255.983
1256.167
1256.517
1256.850
1257.200
1257.367
1257.533
1257.883
1258.233
1258.567
1258.733
1258.917
1259.250
1259.600
1259.933
1260.117
1260.283
1260.633
1260.967
1261.317
1261.650
1262.000
1262.333
1262.683
1263.033
1263.367
1263.717
1264.050
1264.400
1264.733
1265.083
1265.433
1265.783
1266.117
1266.450
1266.800
1267.150
1267.483
1267.833
1268.150
1268.483
1268.817
1269.167
1269.517
1269.850
1270.200
1270.550
1270.883
1271.217
1271.583
1271.917
1272.267
1272.950
1273.633
1274.317
1275.000
1275.700
1276.383
1277.067
1277.750
1278.450
1279.133
1279.817
1280.500
1281.183
1281.883
1282.567
1282.900
1283.250
1283.583
1284.283
1284.617
1284.967
1285.650
1286.000
1286.333
1287.017
1287.367
1287.700
1288.400
1288.733
1289.083
1289.767
1290.117
1290.450
1291.133
1291.483
1291.817
1292.517
1292.850
1293.200
1294.217
1294.567
1294.917
1295.250
1295.600
1295.950
1296.283
1296.633
1296.967
1297.317
1297.650
1298.000
1298.350
1298.683
1299.033
1299.383
1299.717
1300.050
1300.400
1300.750
1301.083
1301.400
1301.750
1302.083
1302.417
1302.767
1303.117
1303.450
1303.800
1304.150
1304.483
1304.817
1305.183
1305.517
1305.850
1306.200
1306.383
1306.550
1306.900
1307.233
1307.583
1307.750
1307.917
1308.267
1308.617
1308.950
1309.117
1309.283
1309.633
1309.983
1310.317
1310.500
1310.667
1311.017
1311.350
1311.700
1311.867
1312.033
1312.383
1312.717
1313.067
1313.233
1313.417
1313.767
1314.100
1316.167
1316.500
1316.833
1317.183
1317.533
1317.867
1318.217
1318.567
1318.900
1319.233
1319.600
1319.933
1320.283
1320.617
1320.967
1321.300
1321.633
1322.000
1322.333
1322.667
1323.017
1323.367
1323.717
1324.050
1324.400
1324.733
1325.083
1325.433
1325.767
1326.117
1326.450
1326.800
1326.983
1327.133
1327.483
1327.817
1328.167
1328.333
1328.517
1328.850
1329.200
1329.533
1329.717
1329.883
1330.233
1330.583
1330.917
1331.083
1331.250
1331.600
1331.950
1332.283
1332.450
1332.617
1332.983
1333.317
1333.650
1333.817
1334.000
1334.350
1334.667
1335.000
1335.167
1335.350
1335.683
1336.017
1336.367
1336.550
1336.717
1337.050
1337.400
1338.083
1338.433
1338.783
1339.117
1339.467
1339.800
1340.150
1340.483
1340.833
1341.183
1341.517
1341.867
1342.200
1342.550
1342.900
1343.233
1343.583
1343.917
1344.267
1344.617
1344.967
1345.300
1345.633
1345.983
1346.317
1346.667
1347.017
1347.367
1347.700
1348.033
1348.383
1348.733
1349.067
1349.417
1349.767
1350.100
1350.433
1350.783
1351.133
1351.467
1351.817
1352.167
1352.500
1352.833
1353.200
1353.533
1353.883
1354.217
1354.567
1354.917
1355.250
1355.600
1355.933
1356.267
1356.633
1356.967
1357.317
1357.650
1358.000
1358.333
1360.050
1360.221
1360.393
1360.564
1360.735
1360.906
1361.078
1361.249
1361.420
1361.591
1361.763
1361.934
1362.105
1362.276
1362.448
1362.619
1362.790
1362.961
1363.133
1363.304
1363.475
1363.646
1363.818
1363.989
1364.160
1364.331
1364.503
1364.674
1364.845
1365.017
1365.188
1365.359
1365.530
1365.702
1365.873
1366.044
1366.215
1366.387
1366.558
1366.729
1366.900
1367.072
1367.243
1367.414
1367.585
1367.757
1367.928
1368.099
1368.270
1368.442
1368.613
1368.784
1368.956
1369.127
1369.298
1369.469
1369.641
1369.812
1369.983
1370.154
1370.326
1370.497
1370.668
1370.839
1371.011
1371.182
1371.353
1371.524
1371.696
1371.867
1372.038
1372.209
1372.381
1372.552
1372.723
1372.894
1373.066
1373.237
1373.408
1373.580
1373.751
1373.922
1374.093
1374.265
1374.436
1374.607
1374.778
1374.950
1375.121
1375.292
1375.463
1375.635
1375.806
1375.977
1376.148
1376.320
1376.491
1376.662
1376.833
1377.005
1377.176
1377.347
1377.518
1377.690
1377.861
1378.032
1378.204
1378.375
1378.546
1378.717
1378.889
1379.060
1379.231
1379.402
1379.574
1379.745
1379.916
1380.087
1380.259
1380.430
1380.601
1380.772
1380.944
1381.115
1381.286
1381.457
1381.629
1381.800
1387.467
1387.817
1387.983
1388.167
1388.517
1388.833
1389.200
1389.533
1389.883
1390.050
1390.217
1390.567
1390.917
1391.250
1391.600
1391.933
1392.283
1392.617
1392.967
1393.317
1393.483
1393.650
1394.000
1394.333
1394.667
1395.017
1395.367
1395.717
1395.883
1396.233
1396.400
1396.567
1396.733
1397.083
1397.433
1397.783
1398.117
1403.917
1404.250
1404.600
1404.950
1405.283
1405.633
1405.983
1406.317
1406.650
1407.000
1407.350
1407.700
1408.033
1408.383
1408.733
1409.067
1409.400
1409.750
1410.100
1410.433
1410.783
1411.133
1411.467
1411.817
1412.150
1412.500
1412.833
1413.183
1413.517
1413.867
1414.217
1414.567
1415.583
1415.767
1415.933
1416.267
1416.617
1416.967
1417.133
1417.300
1417.633
1417.983
1418.333
1418.500
1418.683
1419.017
1419.367
1419.700
1419.867
1420.033
1420.400
1420.733
1421.083
1421.250
1421.417
1421.767
1422.100
1422.450
1422.617
1422.783
1423.133
1423.467
1423.817
1424.167
1425.883
1426.055
1426.226
1426.397
1426.568
1426.740
1426.911
1427.082
1427.253
1427.425
1427.596
1427.767
1427.938
1428.110
1428.281
1428.452
1428.623
1428.795
1428.966
1429.137
1429.308
1429.480
1429.651
1429.822
1429.993
1430.165
1430.336
1430.507
1430.678
1430.850
1431.021
1431.192
1431.363
1431.535
1431.706
1431.877
1432.048
1432.220
1432.391
1432.562
1432.733
1432.905
1433.076
1433.247
1433.418
1433.590
1433.761
1433.932
1434.103
1434.275
1434.446
1434.617
1434.788
1434.960
1435.131
1435.302
1435.473
1435.645
1435.816
1435.987
1436.158
1436.330
1436.501
1436.672
1436.843
1437.015
1437.186
1437.357
1437.528
1437.700
1437.871
1438.042
1438.213
1438.385
1438.556
1438.727
1438.898
1439.070
1439.241
1439.412
1439.583
1439.755
1439.926
1440.097
1440.268
1440.440
1440.611
1440.782
1440.953
1441.125
1441.296
1441.467
1441.638
1441.810
1441.981
1442.152
1442.323
1442.495
1442.666
1442.837
1443.008
1443.180
1443.351
1443.522
1443.693
1443.865
1444.036
1444.207
1444.378
1444.550
1444.721
1444.892
1445.063
1445.235
1445.406
1445.577
1445.748
1445.920
1446.091
1446.262
1446.433
1447.817
1448.150
1448.500
1448.833
1449.183
1449.533
1449.867
1450.217
1450.567
1450.900
1451.233
1451.583
1451.933
1452.267
1452.617
1452.967
1453.300
1453.633
1454.000
1454.333
1454.667
1455.017
1455.367
1455.717
1456.033
1456.400
1456.733
1457.067
1457.417
1457.583
1457.767
1457.933
1458.100
1458.283
1458.450
1458.617
1458.800
1459.133
1459.483
1459.817
1460.167
1460.517
1460.850
1461.200
1461.533
1461.883
1462.217
1462.567
1462.917
1463.250
1463.600
1463.950
1464.283
1464.633
1464.983
1465.317
1465.650
1466.000
1466.350
1466.683
1467.033
1467.383
1467.717
1468.050
1469.750
1470.083
1470.433
1470.783
1471.117
1471.450
1471.800
1472.150
1472.483
1472.817
1473.183
1473.517
1473.867
1474.200
1474.550
1474.900
1475.233
1475.583
1475.917
1476.267
1476.600
1476.950
1477.300
1477.633
1477.983
1478.317
1478.667
1479.017
1479.367
1479.700
1480.033
1480.383
1480.717
1481.067
1481.417
1481.767
1482.100
1482.433
1482.783
1483.133
1483.467
1483.817
1484.167
1484.500
1484.833
1485.183
1485.533
1485.867
1486.217
1486.567
1486.900
1487.233
1487.600
1487.933
1488.267
1488.617
1488.967
1489.317
1489.650
1490.000
1527.457
1527.867
1528.350
1528.817
1529.300
1529.750
1530.233
1530.683
1531.167
1531.633
1532.100
1532.567
1533.050
1533.500
1533.983
1534.450
1534.900
1535.350
1535.817
1536.283
1536.750
1537.233
1537.700
1538.150
1538.650
1539.100
1539.583
1540.050
1540.517
1540.983
1541.450
1541.917
1542.383
1542.850
1543.333
1543.783
1544.267
1544.733
1545.217
1545.667
1546.150
1546.617
1547.083
1547.533
1548.017
1548.483
1548.967
1549.433
1549.900
1550.367
1550.833
1551.300
1551.767
1552.233
1552.717
1553.167
1553.650
1554.117
1554.600
1555.067
1555.533
1556.000
1556.467
1556.917
1557.400
1557.867
1558.100
1558.333
1558.583
1558.800
1559.283
1559.733
1559.983
1560.200
1560.467
1560.683
1561.167
1561.633
1561.850
1562.083
1562.333
1562.567
1563.033
1563.500
1563.733
1563.967
1564.217
1564.450
1564.917
1565.383
1565.600
1565.850
1566.083
1566.317
1566.800
1567.250
1567.483
1567.717
1567.967
1568.183
1568.633
1569.100
1569.333
1569.583
1569.800
1570.033
1570.517
1570.983
1571.217
1571.450
1571.683
1571.917
1572.383
1572.850
1573.317
1573.767
1574.233
1574.733
1575.200
1575.650
1576.150
1576.600
1577.067
1577.533
1578.033
1578.500
1578.933
1579.383
1579.900
1580.350
1580.817
1581.283
1581.767
1582.233
1582.683
1583.150
1583.650
1584.117
1584.583
1585.033
1585.500
1586.017
1586.450
1586.983
1587.417
1587.867
1588.333
1588.817
1589.283
1589.750
1590.217
1590.700
1591.167
1591.617
1592.083
1592.567
1593.033
1593.500
1593.983
1594.433
1594.917
1595.383
1595.850
1596.317
1596.783
1597.250
1597.717
1598.200
1598.667
1599.133
1599.617
1600.067
1600.550
1601.017
1601.483
1601.883
1602.383
1602.850
1603.317
1603.800
1604.267
1604.733
1605.200
1605.683
1606.133
1606.617
1607.067
1607.550
1608.017
1608.483
1608.950
1609.433
1609.900
1610.133
1610.367
1610.600
1610.833
1611.067
1611.300
1611.533
1611.767
1612.000
1612.233
1612.467
1612.700
1612.933
1613.167
1613.400
1613.667
1613.830
1613.994
1614.158
1614.321
1614.485
1614.648
1614.812
1614.976
1615.139
1615.303
1615.467
1616.933
1617.400
1617.617
1617.833
1618.067
1618.283
1618.717
1619.167
1619.400
1619.617
1619.833
1620.067
1620.483
1620.933
1621.167
1621.383
1621.600
1621.833
1622.250
1622.700
1622.917
1623.133
1623.367
1623.583
1624.033
1624.467
1624.683
1624.900
1625.133
1625.350
1625.800
1626.233
1626.450
1626.667
1626.900
1627.117
1627.550
1628.000
1628.233
1628.450
1628.667
1628.900
1629.333
1629.767
1629.983
1630.217
1630.433
1630.650
1631.117
1631.533
1631.967
1632.417
1632.850
1633.300
1633.750
1634.183
1634.633
1635.033
1635.467
1635.917
1636.367
1636.800
1637.250
1637.683
1638.133
1638.583
1639.017
1639.450
1639.900
1640.333
1640.783
1641.233
1641.667
1642.100
1642.550
1642.983
1643.433
1643.883
1648.567
1648.800
1649.033
1649.267
1649.500
1649.733
1649.967
1650.200
1650.433
1650.667
1650.900
1651.133
1651.367
1651.917
1652.400
1652.850
1653.300
1653.767
1654.233
1654.700
1655.133
1655.600
1656.033
1656.533
1657.000
1657.467
1657.933
1658.400
1658.883
1659.350
1659.833
1660.283
1660.750
1661.233
1661.700
1662.167
1662.633
1663.100
1663.567
1664.017
1664.517
1664.983
1665.467
1665.917
1666.383
1666.850
1667.083
1667.317
1667.567
1667.783
1668.250
1668.700
1668.933
1669.150
1669.400
1669.633
1670.100
1670.583
1670.800
1671.033
1671.283
1671.517
1671.983
1672.450
1672.683
1672.917
1673.133
1673.383
1673.850
1674.317
1674.567
1674.800
1675.033
1675.267
1675.733
1676.183
1676.433
1676.667
1676.917
1677.150
1677.617
1678.067
1678.317
1678.550
1678.783
1679.033
1681.367
1681.833
1682.300
1682.767
1683.233
1683.700
1684.167
1684.650
1685.117
1685.583
1686.050
1686.533
1687.000
1687.467
1687.933
1688.400
1688.867
1689.100
1689.333
1689.567
1689.800
1690.033
1690.267
1690.500
1690.733
1690.967
1691.217
1691.450
1691.683
1691.917
1692.150
1692.383
1692.650
1692.814
1692.977
1693.141
1693.305
1693.468
1693.632
1693.795
1693.959
1694.123
1694.286
1694.450
1696.383
1696.604
1696.824
1697.044
1697.265
1697.485
1697.705
1697.926
1698.146
1698.366
1698.586
1698.807
1699.027
1699.247
1699.468
1699.688
1699.908
1700.129
1700.349
1700.569
1700.790
1701.010
1701.230
1701.451
1701.671
1701.891
1702.111
1702.332
1702.552
1702.772
1702.993
1703.213
1703.433
1703.654
1703.874
1704.094
1704.315
1704.535
1704.755
1704.976
1705.196
1705.416
1705.636
1705.857
1706.077
1706.297
1706.518
1706.738
1706.958
1707.179
1707.399
1707.619
1707.840
1708.060
1708.280
1708.501
1708.721
1708.941
1709.161
1709.382
1709.602
1709.822
1710.043
1710.263
1710.483
1710.917
1711.150
1711.383
1711.617
1711.833
1712.250
1712.700
1712.933
1713.133
1713.350
1713.583
1714.017
1714.450
1714.683
1714.900
1715.133
1715.367
1715.783
1716.217
1716.450
1716.683
1716.917
1717.150
1717.550
1718.000
1718.217
1718.433
1718.667
1718.883
1719.333
1719.767
1719.967
1720.200
1720.433
1720.650
1721.083
1721.533
1721.750
1721.983
1722.200
1722.433
1722.867
1723.767
1724.633
1725.067
1725.500
1725.950
1726.400
1726.833
1727.267
1727.717
1728.167
1728.600
1729.033
1729.467
1729.933
1730.367
1730.800
1731.250
1731.700
1732.133
1732.617
1733.067
1733.483
1733.883
1734.350
1734.800
1735.183
1735.650
1736.083
1736.517
1736.983
1737.433
1737.900
1738.367
1738.750
1738.970
1739.190
1739.410
1739.630
1739.850
1740.070
1740.290
1740.510
1740.730
1740.950
1741.170
1741.390
1741.610
1741.830
1742.050
1742.283
1742.447
1742.611
1742.774
1742.938
1743.102
1743.265
1743.429
1743.592
1743.756
1743.920
1744.083
1745.017
1745.800
1746.800
1747.800
1748.650
1749.583
1750.533
1751.350
1752.100
1752.867
1753.300
1753.733
1754.167
1754.600
1755.033
1755.467
1755.900
1756.333
1756.767
1757.200
1757.633
1758.067
1758.500
1758.933
1759.367
1759.933
1760.154
1760.375
1760.596
1760.817
1761.038
1761.259
1761.480
1761.701
1761.922
1762.143
1762.364
1762.585
1762.806
1763.027
1763.248
1763.469
1763.690
1763.911
1764.132
1764.353
1764.574
1764.795
1765.016
1765.237
1765.458
1765.678
1765.899
1766.120
1766.341
1766.562
1766.783
1767.033
1767.195
1767.357
1767.519
1767.681
1767.842
1768.004
1768.166
1768.328
1768.490
1768.652
1768.813
1768.975
1769.137
1769.299
1769.461
1769.623
1769.784
1769.946
1770.108
1770.270
1770.432
1770.594
1770.755
1770.917
1771.079
1771.241
1771.403
1771.565
1771.726
1771.888
1772.050
1774.033
1774.254
1774.475
1774.695
1774.916
1775.137
1775.358
1775.578
1775.799
1776.020
1776.241
1776.461
1776.682
1776.903
1777.123
1777.344
1777.565
1777.786
1778.006
1778.227
1778.448
1778.668
1778.889
1779.110
1779.331
1779.551
1779.772
1779.993
1780.213
1780.434
1780.655
1780.876
1781.096
1781.317
1781.538
1781.758
1781.979
1782.200
1782.421
1782.641
1782.862
1783.083
1783.304
1783.524
1783.745
1783.966
1784.186
1784.407
1784.628
1784.849
1785.069
1785.290
1785.511
1785.731
1785.952
1786.173
1786.394
1786.614
1786.835
1787.056
1787.276
1787.497
1787.718
1787.939
1788.159
1788.380
1788.601
1788.821
1789.042
1789.263
1789.484
1789.704
1789.925
1790.146
1790.366
1790.587
1790.808
1791.029
1791.249
1791.470
1791.691
1791.912
1792.132
1792.353
1792.574
1792.794
1793.015
1793.236
1793.457
1793.677
1793.898
1794.119
1794.339
1794.560
1794.781
1795.002
1795.222
1795.443
1795.664
1795.884
1796.105
1796.326
1796.547
1796.767
1796.988
1797.209
1797.429
1797.650
1797.871
1798.092
1798.312
1798.533
1798.754
1798.975
1799.195
1799.416
1799.637
1799.857
1800.078
1800.299
1800.520
1800.740
1800.961
1801.182
1801.402
1801.623
1801.844
1802.065
1802.285
1802.506
1802.727
1802.947
1803.168
1803.389
1803.610
1803.830
1804.051
1804.272
1804.492
1804.713
1804.934
1805.155
1805.375
1805.596
1805.817
1806.037
1806.258
1806.479
1806.700
1806.920
1807.141
1807.362
1807.583
1807.803
1808.024
1808.245
1808.465
1808.686
1808.907
1809.128
1809.348
1809.569
1809.790
1810.010
1810.231
1810.452
1810.673
1810.893
1811.114
1811.335
1811.555
1811.776
1811.997
1812.218
1812.438
1812.659
1813.315
1813.507
1813.700
1813.892
1814.085
1814.277
1814.470
1814.662
1814.855
1815.047
1815.240
1815.432
1815.625
1815.817
1816.010
1816.202
1816.395
1816.587
1816.780
1816.972
1817.165
1817.357
1817.550
1817.742
1817.935
1818.127
1818.320
1818.512
1818.705
1818.897
1819.090
1819.282
1819.475
1819.667
1819.860
1820.052
1820.245
1820.437
1820.630
1820.822
1821.015
1821.207
1821.400
1821.593
1821.785
1821.978
1822.170
1822.363
1822.555
1822.748
1822.940
1823.133
1823.325
1823.518
1823.710
1823.903
1824.095
1824.288
1824.480
1824.673
1824.865
1825.058
1825.250
1825.443
1825.635
1825.828
1826.020
1826.213
1826.405
1826.598
1826.790
1826.983
1827.175
1827.368
1827.560
1827.753
1827.945
1828.138
1828.330
1828.523
1828.715
1828.908
1829.100
1829.293
1829.485
1829.678
1829.870
1830.063
1830.255
1830.448
1830.640
1830.833
1831.025
1831.218
1831.410
1831.603
1831.795
1831.988
1832.180
1832.373
1832.565
1832.758
1832.950
1833.143
1833.335
1833.528
1833.720
1833.913
1834.105
1834.298
1834.490
1834.683
1834.875
1835.068
1835.260
1835.453
1835.645
1835.838
1836.030
1836.223
1836.415
1836.608
1836.800
1836.993
1837.185
1837.378
1837.570
1837.763
1837.955
1838.148
1838.340
1838.533
1838.725
1838.918
1839.110
1839.303
1839.495
1841.420
1841.586
1841.752
1841.918
1842.084
1842.250
1842.416
1842.582
1842.749
1842.915
1843.081
1843.247
1843.413
1843.579
1843.745
1843.911
1844.077
1844.243
1844.409
1844.575
1844.741
1844.907
1845.073
1845.239
1845.405
1845.571
1845.737
1845.903
1846.069
1846.235
1846.401
1846.567
1846.733
1846.899
1847.065
1847.231
1847.397
1847.563
1847.729
1847.895
1848.061
1848.227
1848.393
1848.559
1848.725
1848.891
1849.057
1849.224
1849.390
1849.556
1849.722
1849.888
1850.054
1850.220
1850.386
1850.552
1850.718
1850.884
1851.050
1851.216
1851.382
1851.548
1851.714
1851.880
1852.046
1852.212
1852.378
1852.544
1852.710
1852.876
1853.042
1853.208
1853.374
1853.540
1853.706
1853.872
1854.038
1854.204
1854.370
1854.536
1854.702
1854.868
1855.034
1855.200
1855.366
1855.532
1855.699
1855.865
1856.031
1856.197
1856.363
1856.529
1856.695
1856.861
1857.027
1857.193
1857.359
1857.525
1857.691
1857.857
1858.023
1858.189
1858.355
1858.521
1858.687
1858.853
1859.019
1859.185
1859.351
1859.517
1859.683
1859.849
1860.015
1860.181
1860.347
1860.513
1860.679
1860.845
1861.011
1861.177
1861.343
1861.509
1861.675
1861.841
1862.007
1862.173
1862.340
1862.506
1862.672
1862.838
1863.004
1863.170
1863.336
1863.502
1863.668
1863.834
1864.000
1864.166
1864.332
1864.498
1864.664
1864.830
1864.996
1865.162
1865.328
1865.494
1865.660
1865.826
1865.992
1866.158
1866.324
1866.490
1866.656
1866.822
1866.988
1867.154
1867.320
1867.486
1867.652
1867.818
1867.984
1868.150
1868.316
1868.482
1868.648
1868.815
1868.981
1869.147
1869.313
1869.479
1869.645
1869.811
1869.977
16
1868.482
1868.648
1868.815
1868.981
1869.147
1869.313
1869.479
1869.645
1869.811
1869.977
1856.833
1856.928
1857.022
1857.117
1857.211
1857.306
1857.401
1857.495
1857.590
1857.684
1857.779
1857.873
1857.968
1858.062
1858.157
1858.252
1858.346
1858.441
1858.535
1858.630
1858.724
1858.819
1858.913
1859.008
1859.103
1859.197
1859.292
1859.386
1859.481
1859.575
1859.670
1859.764
1859.859
1859.954
1860.048
1860.143
1860.237
1860.332
1860.426
1860.521
1860.616
1860.710
1860.805
1860.899
1860.994
1861.088
1861.183
1861.277
1861.372
1861.467
1861.561
1861.656
1861.750
1861.845
1861.939
1862.034
1862.128
1862.223
1862.318
1862.412
1862.507
1862.601
1862.696
1862.790
1862.885
1862.979
1863.074
1863.169
1863.263
1863.358
1863.452
1863.547
1863.641
1863.736
1863.830
1863.925
1864.020
1864.114
1864.209
1864.303
1864.398
1864.492
1864.587
1864.681
1864.776
1864.871
1864.965
1865.060
1865.154
1865.249
1865.343
1865.438
1865.533
1865.627
1865.722
1865.816
1865.911
1866.005
1866.100
1866.194
1866.289
1866.384
1866.478
1866.573
1866.667
1866.762
1866.856
1866.951
1867.045
1867.140
1867.235
1867.329
1867.424
1867.518
1867.613
1867.707
1867.802
1867.896
1867.991
1868.086
1868.180
1868.275
1868.369
1868.464
1868.558
1868.653
1868.747
1868.842
1868.937
1869.031
1869.126
1869.220
1869.315
1869.409
1869.504
1869.598
1869.693
1869.788
1869.882
1869.977
80.067
1380.133
1380.250
1380.417
1380.483
1380.583
1380.650
1380.767
1380.833
1380.933
1381.000
1381.100
1381.167
1381.267
1381.333
1381.450
1381.517
1381.617
1381.683
1381.783
1381.850
1387.450
1387.517
1387.783
1387.850
1387.967
1388.033
1388.133
1388.200
1388.483
1388.550
1388.817
1388.883
1389.167
1389.233
1389.517
1389.850
1389.917
1390.017
1390.083
1390.183
1390.250
1390.550
1390.617
1390.883
1390.950
1391.217
1391.283
1391.567
1391.633
1391.917
1392.267
1392.600
1392.667
1392.950
1393.017
1393.283
1393.350
1393.467
1393.617
1393.683
1393.983
1394.050
1394.317
1394.383
1394.667
1395.000
1395.067
1395.350
1395.417
1395.683
1395.750
1395.867
1396.200
1396.267
1396.383
1396.450
1396.550
1396.617
1396.717
1396.783
1397.067
1397.133
1397.400
1397.467
1397.750
1397.817
1398.083
1398.150
1403.900
1404.233
1404.300
1404.567
1404.633
1404.933
1405.267
1405.333
1405.600
1405.667
1405.950
1406.017
1406.300
1406.367
1406.650
1406.983
1407.050
1407.333
1407.400
1407.667
1407.733
1408.017
1408.350
1408.417
1408.700
1408.767
1409.050
1409.117
1409.383
1409.450
1409.733
1409.800
1410.067
1410.133
1410.417
1410.767
1410.833
1411.100
1411.167
1411.450
1411.517
1411.783
1411.850
1412.133
1412.200
1412.467
1412.533
1412.817
1412.883
1413.167
1413.233
1413.500
1413.567
1413.850
1413.917
1414.183
1414.250
1414.533
1414.600
1415.567
1415.633
1415.733
1415.800
1415.900
1415.967
1416.250
1416.317
1416.600
1416.933
1417.000
1417.100
1417.167
1417.267
1417.333
1417.617
1417.683
1417.967
1418.033
1418.317
1418.467
1418.533
1418.650
1418.717
1419.000
1419.067
1419.350
1419.683
1419.750
1419.850
1419.917
1420.017
1420.083
1420.367
1420.433
1420.717
1421.050
1421.117
1421.217
1421.283
1421.400
1421.467
1421.750
1421.817
1422.083
1422.150
1422.417
1422.483
1422.600
1422.667
1422.767
1422.833
1423.117
1423.183
1423.450
1423.517
1423.800
1423.867
1424.150
1425.867
1426.017
1426.083
1426.200
1426.267
1426.367
1426.433
1426.550
1426.617
1426.717
1426.783
1426.883
1426.950
1427.067
1427.133
1427.217
1427.283
1427.400
1427.467
1427.583
1427.650
1427.750
1427.817
1427.917
1428.083
1428.150
1428.267
1428.433
1428.600
1428.667
1428.783
1428.850
1428.950
1429.017
1429.117
1429.283
1429.350
1429.467
1429.533
1429.617
1429.683
1429.800
1429.867
1429.983
1430.050
1430.150
1430.217
1430.317
1430.383
1430.483
1430.550
1430.667
1430.733
1430.833
1430.900
1431.000
1431.067
1431.183
1431.250
1431.350
1431.417
1431.517
1431.583
1431.683
1431.750
1431.867
1431.933
1432.033
1432.100
1432.200
1432.267
1432.383
1432.450
1432.550
1432.617
1432.717
1432.783
1432.883
1432.950
1433.067
1433.133
1433.233
1433.300
1433.400
1433.467
1433.583
1433.650
1433.750
1433.817
1433.917
1433.983
1434.083
1434.150
1434.267
1434.333
1434.433
1434.500
1434.600
1434.667
1434.783
1434.917
1434.983
1435.083
1435.150
1435.267
1435.333
1435.433
1435.500
1435.600
1435.667
1435.783
1435.850
1435.950
1436.017
1436.117
1436.183
1436.283
1436.350
1436.450
1436.517
1436.633
1436.700
1436.800
1436.867
1436.983
1437.050
1437.150
1437.217
1437.317
1437.383
1437.483
1437.550
1437.667
1437.733
1437.833
1437.900
1438.000
1438.067
1438.183
1438.250
1438.350
1438.417
1438.517
1438.583
1438.700
1438.867
1438.933
1439.033
1439.100
1439.200
1439.267
1439.383
1439.450
1439.550
1439.617
1439.733
1439.800
1439.883
1439.950
1440.067
1440.133
1440.233
1440.300
1440.400
1440.467
1440.583
1440.650
1440.750
1440.817
1440.933
1441.000
1441.100
1441.167
1441.267
1441.333
1441.433
1441.500
1441.600
1441.667
1441.800
1441.950
1442.017
1442.133
1442.200
1442.300
1442.467
1442.533
1442.650
1442.800
1442.867
1442.983
1443.050
1443.150
1443.217
1443.333
1443.400
1443.500
1443.667
1443.733
1443.850
1443.917
1444.017
1444.083
1444.183
1444.250
1444.367
1444.433
1444.533
1444.600
1444.700
1444.767
1444.867
1444.933
1445.050
1445.200
1445.267
1445.383
1445.450
1445.567
1445.633
1445.733
1445.800
1445.900
1445.967
1446.067
1446.133
1446.250
1446.317
1446.417
1446.483
1447.783
1447.850
1448.133
1448.200
1448.483
1448.817
1448.883
1449.167
1449.233
1449.500
1449.567
1449.850
1450.183
1450.250
1450.533
1450.600
1450.883
1450.950
1451.217
1451.283
1451.567
1451.633
1451.917
1452.250
1452.317
1452.583
1452.650
1452.950
1453.283
1453.350
1453.617
1453.683
1453.967
1454.033
1454.317
1454.650
1454.717
1454.983
1455.050
1455.350
1455.683
1455.750
1456.017
1456.083
1456.367
1456.433
1456.717
1456.783
1457.067
1457.383
1457.450
1457.567
1457.633
1457.750
1457.817
1457.917
1458.083
1458.150
1458.250
1458.317
1458.417
1458.483
1458.583
1458.650
1458.767
1458.833
1459.117
1459.183
1459.467
1459.800
1459.867
1460.150
1460.217
1460.483
1460.550
1460.833
1461.183
1461.250
1461.517
1461.583
1461.867
1462.200
1462.267
1462.550
1462.617
1462.883
1462.950
1463.233
1463.583
1463.650
1463.917
1463.983
1464.267
1464.600
1464.667
1464.950
1465.017
1465.300
1465.367
1465.633
1465.700
1465.983
1466.050
1466.317
1466.383
1466.667
1467.000
1467.067
1467.350
1467.417
1467.700
1467.767
1468.033
1468.100
1469.733
1470.067
1470.133
1470.400
1470.467
1470.750
1470.817
1471.100
1471.433
1471.500
1471.767
1471.833
1472.133
1472.467
1472.533
1472.800
1472.867
1473.150
1473.217
1473.500
1473.833
1473.900
1474.183
1474.250
1474.533
1474.600
1474.867
1474.933
1475.217
1475.567
1475.633
1475.900
1476.250
1476.583
1476.650
1476.933
1477.000
1477.267
1477.333
1477.617
1477.950
1478.017
1478.300
1478.650
1478.983
1479.050
1479.333
1479.400
1479.667
1479.733
1480.017
1480.367
1480.433
1480.700
1480.767
1481.050
1481.383
1481.450
1481.733
1481.800
1482.083
1482.150
1482.417
1482.483
1482.767
1482.833
1483.100
1483.167
1483.450
1483.517
1483.783
1483.850
1484.133
1484.200
1484.483
1484.550
1484.817
1484.883
1485.167
1485.233
1485.517
1485.850
1485.917
1486.183
1486.250
1486.550
1486.883
1486.950
1487.217
1487.283
1487.567
1487.633
1487.917
1488.250
1488.317
1488.583
1488.650
1488.950
1489.283
1489.350
1489.617
1489.683
1489.967
1490.033
1491.717
1491.817
1527.683
1527.850
1528.333
1528.800
1528.867
1529.267
1529.333
1529.733
1530.200
1530.267
1530.667
1531.150
1531.600
1531.667
1532.083
1532.150
1532.550
1533.033
1533.483
1533.550
1533.967
1534.433
1534.883
1535.333
1535.800
1535.867
1536.267
1536.333
1536.733
1536.800
1537.200
1537.267
1537.683
1538.133
1538.200
1538.617
1538.683
1539.083
1539.567
1540.033
1540.500
1540.967
1541.433
1541.900
1542.367
1542.433
1542.833
1543.317
1543.767
1543.833
1544.250
1544.317
1544.717
1545.183
1545.250
1545.650
1545.717
1546.133
1546.583
1546.650
1547.067
1547.533
1548.000
1548.067
1548.467
1548.950
1549.417
1549.883
1550.350
1550.817
1550.883
1551.283
1551.750
1551.817
1552.217
1552.283
1552.700
1553.150
1553.217
1553.633
1553.700
1554.100
1554.567
1554.633
1555.033
1555.100
1555.517
1555.967
1556.033
1556.433
1556.500
1556.900
1557.383
1557.450
1557.850
1558.083
1558.150
1558.317
1558.550
1558.617
1558.783
1558.850
1559.267
1559.333
1559.733
1559.950
1560.017
1560.183
1560.250
1560.450
1560.517
1560.683
1561.150
1561.600
1561.667
1561.833
1562.067
1562.133
1562.317
1562.383
1562.550
1562.617
1563.017
1563.083
1563.483
1563.717
1563.783
1563.950
1564.200
1564.433
1564.900
1565.367
1565.583
1565.650
1565.833
1565.900
1566.067
1566.300
1566.783
1567.233
1567.300
1567.467
1567.533
1567.717
1567.933
1568.000
1568.167
1568.617
1568.683
1569.083
1569.300
1569.367
1569.550
1569.617
1569.783
1570.017
1570.083
1570.500
1570.567
1570.967
1571.200
1571.433
1571.667
1571.883
1571.950
1572.367
1572.817
1572.883
1573.283
1573.350
1573.750
1574.200
1574.267
1574.717
1574.783
1575.183
1575.250
1575.650
1576.117
1576.183
1576.583
1576.650
1577.050
1577.117
1577.517
1578.017
1578.483
1578.917
1579.367
1579.433
1579.883
1580.333
1580.400
1580.800
1581.267
1581.750
1582.217
1582.683
1583.133
1583.200
1583.650
1584.100
1584.167
1584.567
1585.017
1585.083
1585.483
1585.550
1586.000
1586.433
1586.500
1586.967
1587.383
1587.450
1587.850
1587.917
1588.317
1588.383
1588.800
1589.267
1589.733
1590.183
1590.250
1590.667
1590.733
1591.150
1591.600
1592.067
1592.550
1592.617
1593.017
1593.083
1593.483
1593.550
1593.967
1594.417
1594.483
1594.900
1595.367
1595.833
1596.300
1596.767
1597.250
1597.717
1598.183
1598.250
1598.650
1598.717
1599.117
1599.183
1599.600
1600.067
1600.533
1601.000
1601.450
1601.517
1601.867
1601.933
1602.367
1602.433
1602.833
1603.300
1603.767
1603.833
1604.233
1604.300
1604.700
1604.767
1605.167
1605.233
1605.650
1605.717
1606.117
1606.183
1606.583
1606.650
1607.050
1607.533
1607.600
1608.000
1608.067
1608.467
1608.533
1608.933
1609.000
1609.400
1609.467
1609.867
1609.933
1610.100
1610.167
1610.333
1610.400
1610.583
1610.800
1610.867
1611.050
1611.117
1611.283
1611.517
1611.583
1611.750
1611.983
1612.050
1612.233
1612.450
1612.517
1612.700
1612.933
1613.167
1613.400
1613.633
1613.717
1613.800
1613.883
1613.967
1614.050
1614.133
1614.217
1614.300
1614.383
1614.467
1614.550
1614.633
1614.717
1614.800
1614.883
1614.967
1615.050
1615.133
1615.217
1615.300
1615.383
1615.467
1616.917
1617.383
1617.600
1617.817
1618.050
1618.267
1618.333
1618.700
1618.767
1619.150
1619.383
1619.600
1619.817
1619.883
1620.050
1620.467
1620.917
1620.983
1621.150
1621.367
1621.583
1621.817
1622.250
1622.683
1622.900
1623.133
1623.350
1623.583
1624.017
1624.450
1624.683
1624.883
1624.950
1625.117
1625.333
1625.783
1626.217
1626.450
1626.667
1626.883
1627.100
1627.533
1627.600
1627.983
1628.050
1628.217
1628.433
1628.650
1628.717
1628.883
1628.950
1629.317
1629.767
1629.983
1630.200
1630.417
1630.650
1631.100
1631.517
1631.583
1631.933
1632.000
1632.400
1632.467
1632.850
1633.283
1633.350
1633.733
1634.167
1634.600
1634.667
1635.017
1635.083
1635.450
1635.517
1635.900
1636.350
1636.800
1637.233
1637.667
1637.733
1638.100
1638.167
1638.550
1638.617
1639.000
1639.067
1639.433
1639.500
1639.883
1640.317
1640.767
1641.200
1641.267
1641.650
1641.717
1642.100
1642.533
1642.600
1642.967
1643.033
1643.433
1643.867
1648.550
1648.783
1649.017
1649.250
1649.483
1649.717
1649.950
1650.183
1650.417
1650.633
1650.700
1650.883
1651.117
1651.350
1651.417
1651.900
1651.967
1652.367
1652.433
1652.833
1652.900
1653.283
1653.350
1653.750
1653.817
1654.217
1654.683
1655.117
1655.567
1655.633
1656.017
1656.517
1656.583
1656.983
1657.450
1657.517
1657.917
1657.983
1658.383
1658.450
1658.867
1658.933
1659.333
1659.400
1659.800
1659.867
1660.283
1660.733
1660.800
1661.217
1661.683
1662.150
1662.217
1662.617
1663.067
1663.133
1663.533
1663.600
1664.000
1664.500
1664.967
1665.450
1665.900
1666.367
1666.433
1666.817
1666.883
1667.067
1667.283
1667.350
1667.533
1667.600
1667.767
1667.833
1668.233
1668.300
1668.683
1668.750
1668.900
1668.967
1669.133
1669.200
1669.383
1669.617
1670.083
1670.150
1670.550
1670.617
1670.783
1670.850
1671.017
1671.267
1671.483
1671.550
1671.967
1672.033
1672.433
1672.667
1672.733
1672.883
1672.950
1673.117
1673.183
1673.350
1673.417
1673.833
1673.900
1674.317
1674.533
1674.600
1674.783
1675.017
1675.250
1675.717
1675.783
1676.183
1676.400
1676.467
1676.650
1676.717
1676.900
1677.117
1677.183
1677.600
1678.067
1678.300
1678.533
1678.767
1679.000
1679.067
1681.350
1681.817
1682.283
1682.750
1683.217
1683.283
1683.683
1683.750
1684.167
1684.633
1684.700
1685.100
1685.167
1685.567
1685.633
1686.033
1686.100
1686.500
1686.567
1686.967
1687.033
1687.450
1687.917
1688.383
1688.850
1688.917
1689.083
1689.317
1689.550
1689.783
1690.017
1690.083
1690.250
1690.483
1690.550
1690.717
1690.950
1691.017
1691.200
1691.267
1691.433
1691.683
1691.917
1692.133
1692.200
1692.367
1692.600
1692.683
1692.767
1692.850
1692.933
1693.017
1693.100
1693.183
1693.267
1693.333
1693.400
1693.483
1693.567
1693.650
1693.733
1693.817
1693.900
1693.983
1694.067
1694.150
1694.233
1694.317
1694.400
1694.467
1696.367
1696.433
1696.583
1696.650
1696.800
1696.867
1697.033
1697.250
1697.317
1697.483
1697.550
1697.700
1697.767
1697.917
1697.983
1698.133
1698.367
1698.583
1698.800
1699.033
1699.250
1699.467
1699.533
1699.683
1699.750
1699.917
1699.983
1700.133
1700.350
1700.567
1700.800
1701.000
1701.067
1701.233
1701.433
1701.500
1701.667
1701.867
1702.067
1702.133
1702.300
1702.367
1702.517
1702.733
1702.800
1702.950
1703.017
1703.183
1703.250
1703.400
1703.467
1703.617
1703.833
1704.050
1704.283
1704.350
1704.500
1704.733
1704.933
1705.000
1705.150
1705.217
1705.367
1705.433
1705.600
1705.667
1705.817
1705.883
1706.050
1706.117
1706.267
1706.333
1706.483
1706.550
1706.717
1706.933
1707.000
1707.167
1707.367
1707.433
1707.600
1707.667
1707.817
1708.050
1708.267
1708.500
1708.567
1708.700
1708.767
1708.933
1709.000
1709.167
1709.233
1709.367
1709.433
1709.600
1709.667
1709.817
1710.033
1710.250
1710.317
1710.467
1710.533
1710.900
1710.967
1711.133
1711.367
1711.600
1711.833
1712.233
1712.300
1712.667
1712.733
1712.917
1713.117
1713.183
1713.333
1713.400
1713.567
1713.633
1714.000
1714.067
1714.450
1714.667
1714.733
1714.883
1715.117
1715.350
1715.783
1716.200
1716.267
1716.433
1716.500
1716.667
1716.900
1717.117
1717.183
1717.533
1717.600
1717.967
1718.033
1718.200
1718.417
1718.483
1718.650
1718.850
1718.917
1719.300
1719.367
1719.750
1719.817
1719.950
1720.017
1720.183
1720.417
1720.483
1720.633
1721.067
1721.133
1721.500
1721.567
1721.733
1721.950
1722.017
1722.183
1722.250
1722.417
1722.483
1722.833
1722.900
1723.750
1723.817
1724.617
1724.683
1725.050
1725.483
1725.550
1725.933
1726.383
1726.817
1727.250
1727.317
1727.700
1728.133
1728.200
1728.583
1728.650
1729.017
1729.083
1729.467
1729.917
1730.350
1730.417
1730.783
1730.850
1731.233
1731.683
1732.117
1732.183
1732.600
1733.067
1733.450
1733.517
1733.867
1734.317
1734.383
1734.783
1734.850
1735.167
1735.633
1736.067
1736.500
1736.950
1737.017
1737.433
1737.883
1738.333
1738.400
1738.733
1738.967
1739.167
1739.400
1739.600
1739.800
1740.017
1740.083
1740.233
1740.467
1740.533
1740.700
1740.900
1741.133
1741.200
1741.367
1741.600
1741.800
1741.867
1742.033
1742.250
1742.333
1742.417
1742.500
1742.583
1742.667
1742.750
1742.833
1742.917
1743.000
1743.083
1743.167
1743.250
1743.333
1743.417
1743.500
1743.583
1743.667
1743.750
1743.833
1743.917
1744.000
1744.067
1744.133
1745.000
1745.783
1746.783
1747.767
1747.833
1748.633
1748.700
1749.567
1749.633
1750.517
1751.317
1751.383
1752.083
1752.150
1752.850
1753.283
1753.717
1754.150
1754.583
1755.017
1755.450
1755.883
1756.317
1756.750
1757.183
1757.617
1758.050
1758.483
1758.550
1758.917
1759.350
1759.417
1759.917
1760.117
1760.350
1760.417
1760.583
1760.650
1760.817
1761.050
1761.250
1761.317
1761.450
1761.517
1761.683
1761.750
1761.917
1762.117
1762.183
1762.350
1762.417
1762.567
1762.783
1762.850
1763.017
1763.083
1763.217
1763.283
1763.450
1763.517
1763.683
1763.883
1763.950
1764.117
1764.183
1764.333
1764.400
1764.550
1764.617
1764.783
1765.000
1765.217
1765.283
1765.433
1765.500
1765.667
1765.900
1766.100
1766.167
1766.317
1766.383
1766.550
1766.617
1766.750
1766.817
1766.983
1767.067
1767.150
1767.217
1767.300
1767.383
1767.467
1767.550
1767.633
1767.717
1767.783
1767.867
1767.950
1768.033
1768.117
1768.200
1768.283
1768.367
1768.450
1768.533
1768.617
1768.700
1768.783
1768.850
1768.917
1769.000
1769.083
1769.167
1769.250
1769.333
1769.417
1769.483
1769.550
1769.617
1769.700
1769.783
1769.867
1769.950
1770.033
1770.117
1770.183
1770.267
1770.350
1770.433
1770.517
1770.600
1770.683
1770.750
1770.833
1770.917
1771.000
1771.083
1771.167
1771.250
1771.333
1771.417
1771.500
1771.583
1771.667
1771.750
1771.833
1771.917
1772.000
1772.083
1774.033
1774.250
1774.467
1774.700
1774.917
1775.133
1775.350
1775.567
1775.633
1775.800
1776.017
1776.233
1776.300
1776.450
1776.517
1776.667
1776.900
1777.117
1777.333
1777.567
1777.783
1778.000
1778.233
1778.450
1778.667
1778.883
1779.100
1779.333
1779.550
1779.767
1779.833
1779.983
1780.050
1780.200
1780.267
1780.433
1780.650
1780.867
1781.083
1781.317
1781.533
1781.750
1781.967
1782.033
1782.200
1782.417
1782.633
1782.867
1783.083
1783.300
1783.367
1783.517
1783.750
1783.967
1784.183
1784.417
1784.633
1784.850
1785.067
1785.300
1785.517
1785.733
1785.950
1786.017
1786.167
1786.233
1786.417
1786.633
1786.850
1787.083
1787.300
1787.517
1787.733
1787.800
1787.950
1788.017
1788.183
1788.383
1788.617
1788.833
1789.050
1789.267
1789.483
1789.717
1789.933
1790.150
1790.383
1790.600
1790.817
1791.033
1791.250
1791.483
1791.700
1791.917
1792.150
1792.367
1792.583
1792.800
1793.033
1793.250
1793.467
1793.683
1793.750
1793.917
1794.133
1794.350
1794.567
1794.783
1794.850
1795.017
1795.233
1795.450
1795.683
1795.900
1796.117
1796.333
1796.550
1796.783
1797.000
1797.217
1797.283
1797.450
1797.667
1797.883
1798.100
1798.333
1798.533
1798.600
1798.783
1799.000
1799.217
1799.433
1799.667
1799.883
1800.100
1800.317
1800.533
1800.600
1800.767
1801.000
1801.217
1801.433
1801.650
1801.833
1802.050
1802.117
1802.283
1802.500
1802.717
1802.933
1803.167
1803.383
1803.600
1803.833
1804.050
1804.267
1804.500
1804.717
1804.933
1805.167
1805.367
1805.600
1805.800
1805.867
1806.033
1806.250
1806.467
1806.700
1806.917
1807.133
1807.367
1807.583
1807.800
1808.017
1808.233
1808.467
1808.683
1808.900
1809.117
1809.183
1809.333
1809.417
1809.567
1809.783
1810.000
1810.233
1810.450
1810.667
1810.883
1811.100
1811.167
1811.333
1811.550
1811.767
1812.000
1812.200
1812.433
1812.617
1816.683
1816.767
1816.850
1816.933
1817.000
1817.550
1817.883
