16.750
17.184
17.684
18.118
18.585
19.052
19.520
20.020
20.487
20.888
21.388
21.889
22.256
22.756
23.257
23.657
23.824
23.957
24.124
24.591
25.058
25.526
25.993
26.460
26.927
27.394
27.861
28.328
28.795
29.263
29.663
29.830
29.963
30.130
30.297
30.430
30.597
31.031
31.498
31.999
32.466
32.900
33.367
33.867
34.268
34.768
35.235
35.669
36.136
36.637
37.037
37.538
38.038
38.438
38.605
38.772
38.906
39.339
39.806
40.307
40.707
41.208
41.675
42.109
42.609
43.076
43.510
62.863
63.163
63.463
63.764
64.064
64.364
64.665
64.965
65.265
65.566
65.866
66.166
66.466
66.767
67.668
67.968
68.268
68.569
68.869
69.169
69.469
69.770
70.070
70.370
70.671
70.971
71.271
71.572
72.472
72.773
73.073
73.373
73.674
73.974
74.274
74.575
74.875
75.175
75.475
75.776
76.076
76.376
77.277
77.411
77.578
77.744
77.878
78.011
78.178
78.312
78.478
78.612
78.779
78.912
79.079
79.212
79.379
79.513
79.680
79.813
79.980
80.113
80.280
80.414
80.581
80.714
80.881
81.014
81.181
81.315
82.105
82.251
82.397
82.543
82.689
82.834
85.615
85.743
85.872
86.000
86.129
86.257
86.858
86.980
87.103
87.226
87.349
87.472
89.992
90.128
90.264
90.400
90.536
90.672
91.677
91.807
91.938
92.068
92.198
92.329
95.536
95.641
95.746
95.851
95.956
96.061
96.500
96.633
96.766
96.899
97.031
97.164
101.234
101.568
101.868
102.336
102.469
102.769
103.070
103.236
103.570
103.704
103.971
104.271
104.738
104.871
105.205
105.472
105.939
106.073
106.373
106.673
107.140
107.274
107.608
107.874
108.342
108.475
108.775
109.076
109.543
109.710
110.010
110.277
110.877
111.478
112.079
112.679
113.280
113.880
114.481
115.082
115.682
115.983
116.283
116.583
116.883
117.184
117.484
117.751
118.051
118.218
118.352
118.518
118.652
118.819
118.952
119.119
119.252
119.419
119.553
119.720
119.853
120.487
120.787
121.088
121.388
121.688
121.989
122.289
122.589
122.889
123.190
123.490
123.790
124.091
124.391
125.292
125.559
125.892
126.159
126.493
126.760
127.094
127.361
127.694
127.961
128.295
128.562
128.895
129.162
130.063
130.364
130.664
130.964
131.264
131.565
131.865
132.165
132.466
132.766
133.066
133.367
133.667
133.967
134.868
135.502
135.769
136.103
136.370
136.670
136.837
136.970
137.137
137.871
138.171
138.472
138.739
139.106
139.673
139.806
139.973
140.107
140.273
140.407
140.574
140.707
140.874
141.008
141.174
141.308
141.475
141.608
141.775
141.908
142.075
142.209
142.376
142.509
142.676
142.809
142.976
143.110
143.276
143.410
143.577
143.710
143.877
144.011
144.177
144.344
144.478
144.611
144.778
144.945
145.078
145.212
145.379
145.512
145.679
145.812
145.979
146.146
146.279
146.413
146.580
146.747
146.880
147.014
147.180
147.314
147.481
147.614
147.781
147.948
148.081
148.215
148.382
148.548
149.282
149.583
149.883
150.183
150.484
150.784
151.084
151.385
151.685
151.985
152.285
152.586
152.886
153.186
153.487
153.787
154.087
154.388
154.688
154.988
155.122
155.255
155.389
155.555
155.889
156.023
156.490
157.057
157.224
157.357
157.524
157.691
157.958
158.125
158.291
158.892
159.192
159.493
159.793
160.093
160.394
160.694
160.994
161.294
161.595
161.895
162.195
162.496
162.796
163.096
163.397
163.697
164.564
164.698
164.831
164.965
165.165
165.465
165.599
166.066
166.633
166.800
166.967
167.100
167.267
167.567
167.734
167.868
168.468
168.769
169.069
169.369
169.703
169.970
170.303
170.570
170.904
171.171
171.505
171.772
172.072
172.372
172.706
172.973
173.306
173.573
173.907
174.174
174.474
174.775
175.075
175.375
175.676
175.976
176.276
176.576
176.877
177.177
177.477
177.778
178.078
178.378
178.679
178.979
179.279
179.579
179.880
180.180
180.480
180.781
181.081
181.381
181.682
181.982
182.282
182.582
182.883
183.016
183.183
183.316
183.483
183.617
183.784
183.917
184.084
184.217
184.384
184.518
184.685
184.818
184.985
185.118
185.285
185.452
185.585
185.719
185.886
186.053
186.186
186.319
186.486
186.620
186.787
186.920
187.087
187.220
187.387
187.688
187.988
188.288
188.588
188.889
189.189
189.489
189.790
190.090
190.390
190.691
190.991
191.291
191.591
192.492
192.793
193.093
193.393
193.694
193.994
194.294
194.594
194.895
195.195
195.495
195.796
196.096
196.396
197.297
197.597
197.898
198.198
198.498
198.799
199.099
199.399
199.700
200.000
200.300
200.600
200.901
201.201
202.102
202.402
202.703
203.003
203.303
203.603
203.904
204.204
204.504
204.805
205.105
205.405
205.672
205.972
209.810
210.277
210.744
211.211
211.678
212.145
212.612
213.080
213.547
214.014
214.481
214.948
215.415
215.882
216.349
216.817
217.284
217.751
218.218
218.685
219.152
219.619
220.087
220.554
221.021
221.488
221.955
222.422
222.889
223.356
224.324
224.591
224.791
225.058
225.258
225.525
225.726
225.992
226.193
226.460
226.660
226.927
227.127
227.394
227.594
227.861
228.061
228.328
228.528
228.795
228.995
229.262
229.463
229.730
229.930
230.197
230.397
230.664
230.864
231.131
231.331
231.598
231.798
232.065
232.265
232.532
232.733
232.999
233.200
233.467
233.667
233.934
234.134
234.401
234.601
234.868
235.068
235.335
235.535
235.802
236.069
236.303
236.536
236.770
237.003
237.237
237.471
237.704
237.938
238.171
238.405
238.638
238.872
239.106
239.339
239.573
239.806
240.040
240.273
240.507
240.741
240.974
241.208
241.441
241.675
241.908
242.142
242.375
242.609
242.843
243.076
243.310
243.543
243.777
244.010
244.244
244.478
244.711
244.945
245.178
245.412
245.645
245.879
246.113
246.346
246.580
246.813
247.047
247.280
247.514
247.781
248.014
248.248
248.482
248.715
248.949
249.182
249.416
249.649
249.883
250.117
250.350
250.584
250.817
251.051
251.284
251.518
251.752
251.985
252.219
252.452
252.686
252.919
253.153
253.386
253.620
253.854
254.087
254.321
254.554
254.788
255.021
255.255
255.489
255.722
255.956
256.189
256.423
256.656
256.890
257.124
257.357
257.591
257.824
258.058
258.291
258.525
258.759
258.992
259.226
259.493
259.760
259.960
260.227
260.427
260.694
260.894
261.161
261.361
261.628
261.828
262.095
262.295
262.562
262.763
263.029
263.230
263.497
263.697
263.964
264.164
264.431
264.631
264.898
265.098
265.365
265.565
265.832
266.032
266.299
266.500
266.767
266.967
267.234
267.434
267.701
267.901
268.168
268.368
268.635
268.835
269.102
269.336
269.469
269.569
269.803
270.070
270.270
270.504
270.737
270.971
271.238
271.338
271.471
271.705
271.938
272.172
272.405
272.639
272.873
273.106
273.240
273.340
273.573
273.807
274.040
274.274
274.508
274.741
274.975
275.075
275.208
275.442
275.675
275.909
276.143
276.376
276.610
276.843
276.977
277.077
277.344
277.544
277.811
278.011
278.278
278.478
278.712
278.845
278.945
279.212
279.446
279.679
279.913
280.147
280.380
280.614
280.714
280.847
281.047
281.314
281.515
281.782
281.982
282.249
282.449
282.582
282.716
282.949
283.183
283.416
283.650
283.884
284.117
284.351
284.451
284.584
284.818
285.051
285.285
285.519
285.752
285.986
286.219
286.319
286.453
286.686
286.920
287.154
287.387
287.621
287.854
288.088
288.221
288.321
288.588
288.789
289.055
289.256
289.523
289.723
289.990
290.090
290.190
290.423
290.690
290.891
291.158
291.358
291.625
291.825
291.958
292.092
292.325
292.526
292.793
292.993
293.260
293.460
293.727
293.860
293.994
294.194
294.427
294.694
294.895
295.128
295.362
295.595
295.729
295.829
296.062
296.296
296.530
296.763
296.997
297.230
297.464
297.597
297.697
297.931
298.198
298.398
298.665
298.865
299.332
299.599
299.800
300.066
300.267
300.534
300.734
301.001
301.201
301.468
301.668
301.935
302.135
302.402
302.602
303.103
303.336
303.570
303.804
304.037
304.271
304.504
304.738
304.971
305.205
305.438
305.672
305.906
306.139
306.373
306.873
307.073
307.340
307.541
307.808
308.008
308.275
308.475
308.742
308.942
309.209
309.409
309.676
309.876
310.143
310.610
310.844
311.077
311.311
311.545
311.778
312.012
312.245
312.479
312.712
312.946
313.180
313.413
313.647
313.880
314.347
314.581
314.815
315.048
315.282
315.515
315.749
315.982
316.216
316.449
316.683
316.917
317.150
317.384
317.617
318.118
318.318
318.585
318.785
319.052
319.252
319.486
319.719
319.986
320.187
320.420
320.654
320.921
321.121
321.388
321.855
322.088
322.322
322.556
322.789
323.023
323.256
323.490
323.723
323.957
324.191
324.424
324.658
324.891
325.125
325.592
325.826
326.059
326.293
326.526
326.760
326.993
327.260
327.460
327.727
327.928
328.161
328.395
328.662
328.862
334.968
335.101
335.335
335.435
335.669
335.802
336.036
336.169
336.403
336.503
336.736
336.837
342.475
342.576
342.809
342.943
343.176
343.276
343.510
343.643
343.877
344.010
344.211
344.311
349.950
350.050
350.317
350.417
350.650
350.784
351.017
351.117
351.384
351.484
351.718
351.818
358.859
359.326
359.793
360.260
360.760
361.194
361.661
362.162
362.629
363.063
363.563
363.997
364.497
364.931
365.398
365.899
366.366
366.833
367.267
367.767
368.201
368.702
369.169
369.636
370.103
370.570
371.037
371.504
371.972
372.439
372.906
373.373
373.840
374.307
374.774
375.242
375.709
376.176
376.643
377.110
377.577
378.078
378.545
379.012
379.479
379.946
380.413
380.881
381.348
381.815
382.282
382.749
383.216
383.683
384.150
384.618
385.085
385.552
386.019
386.486
386.953
387.487
387.954
388.421
388.889
389.356
389.489
389.589
389.823
390.056
390.290
390.523
390.757
390.991
391.258
391.358
391.458
391.691
391.958
392.158
392.425
392.626
392.893
393.093
393.226
393.360
393.560
393.827
394.027
394.294
394.494
394.761
394.995
395.095
395.195
395.462
395.695
395.929
396.162
396.396
396.630
396.830
396.963
397.097
397.330
397.564
397.797
398.031
398.265
398.498
398.732
398.832
398.965
399.199
399.432
399.666
399.900
400.133
400.367
400.634
400.734
400.834
401.067
401.301
401.534
401.768
402.002
402.235
402.469
402.602
402.702
402.969
403.203
403.436
403.670
403.904
404.137
404.371
404.471
404.571
404.838
405.071
405.305
405.538
405.772
406.006
406.239
406.339
406.439
406.706
406.940
407.173
407.407
407.641
407.874
408.108
408.208
408.341
408.575
408.808
409.042
409.276
409.509
409.743
409.976
410.110
410.210
410.443
410.677
410.911
411.144
411.378
411.611
411.845
411.978
412.078
412.312
412.545
412.779
413.013
413.246
413.480
413.747
413.880
413.980
414.214
414.447
414.681
414.915
415.148
415.382
415.615
415.715
415.849
416.049
416.316
416.516
416.783
416.983
417.250
417.450
417.584
417.717
417.951
418.184
418.418
418.652
418.885
419.352
419.586
419.819
420.053
420.287
420.520
420.754
420.987
421.221
421.454
421.688
421.922
422.155
422.389
422.622
422.856
423.089
423.323
423.556
423.790
424.024
424.257
424.491
424.724
424.958
425.191
425.425
425.659
425.892
426.126
426.860
427.093
427.327
427.560
427.794
428.028
428.261
428.495
428.728
428.962
429.195
429.429
429.663
429.896
430.130
430.363
430.597
430.830
431.064
431.298
431.531
431.765
431.998
432.232
432.465
432.699
432.933
433.166
433.400
433.633
434.334
434.567
434.801
435.035
435.302
435.502
435.769
435.969
436.202
436.436
436.670
436.903
437.137
437.370
437.637
437.837
438.071
438.305
438.571
438.772
439.005
439.239
439.472
439.706
439.940
440.173
440.440
440.640
440.874
441.107
441.841
442.075
442.309
442.542
442.776
443.009
443.243
443.476
443.710
443.944
444.177
444.411
444.644
444.878
445.111
445.345
445.578
445.812
446.046
446.279
446.513
446.746
446.980
447.213
447.447
447.681
447.914
448.148
448.381
448.615
449.349
449.582
449.816
450.050
450.283
450.517
450.750
450.984
451.217
451.451
451.685
451.918
452.152
452.385
452.619
452.852
453.086
453.320
453.553
453.787
454.020
454.254
454.487
454.721
454.955
455.188
455.422
455.655
455.889
456.122
456.823
457.090
457.290
457.557
457.757
458.024
458.224
458.491
458.692
458.959
459.159
459.426
459.626
459.893
460.093
460.360
460.560
460.827
461.027
461.294
461.494
461.761
461.962
462.228
462.429
462.696
462.896
463.163
463.363
463.630
464.331
464.798
465.265
465.732
466.199
466.666
467.133
467.600
468.068
468.535
469.002
469.469
469.936
470.403
470.870
471.338
471.871
472.305
472.772
473.239
473.707
474.174
474.674
475.141
475.575
476.042
476.509
476.977
477.444
477.911
478.378
478.878
479.346
479.813
480.280
480.747
481.214
481.681
482.148
482.615
483.083
483.550
484.017
484.484
484.951
485.418
485.885
486.353
486.853
487.320
487.787
488.254
488.722
489.189
489.656
490.123
490.590
491.057
491.524
491.992
492.459
492.926
493.393
493.860
497.964
498.298
498.665
498.999
499.366
499.699
500.066
500.400
500.767
501.134
501.468
501.835
502.168
502.535
502.869
503.236
503.603
503.937
504.304
504.637
505.005
505.338
505.705
506.039
506.406
506.773
507.140
507.474
507.807
508.174
508.541
508.875
509.242
509.609
509.976
510.210
510.310
510.443
510.577
510.710
511.044
511.378
511.745
511.878
511.978
512.078
512.445
512.779
513.146
513.480
513.813
514.147
514.514
514.881
515.215
515.548
515.915
516.282
516.649
516.983
517.350
517.684
518.018
518.385
518.752
520.553
520.754
520.887
521.121
521.221
521.454
521.588
521.821
521.955
522.188
522.288
523.356
523.590
523.690
523.957
524.057
524.290
524.424
524.624
524.758
524.991
525.091
525.358
525.458
525.692
525.825
526.059
526.159
526.393
526.526
526.760
526.860
527.093
527.227
527.460
527.594
527.827
527.927
528.995
529.229
529.329
529.562
529.696
529.929
530.063
530.296
530.397
530.630
530.764
530.964
531.097
531.831
532.065
532.165
532.399
532.532
532.766
532.866
532.999
533.099
533.233
533.466
533.566
533.800
533.933
534.167
534.300
534.501
534.634
534.868
534.968
535.201
535.335
535.568
535.702
535.802
535.902
536.069
536.302
536.403
536.636
536.736
536.970
537.103
537.337
537.437
537.670
537.804
538.038
538.138
538.371
538.505
538.638
538.738
538.838
539.072
539.205
539.439
539.572
539.773
539.906
540.140
540.240
540.473
540.640
540.840
540.974
541.207
541.307
541.441
541.541
541.674
543.109
543.343
543.476
543.676
543.810
544.044
544.144
544.277
544.377
544.511
544.744
544.878
545.078
545.211
545.445
545.578
545.779
545.912
546.146
546.246
546.479
546.613
546.846
546.980
547.080
547.180
547.313
547.547
547.680
547.914
548.014
548.248
548.381
548.581
548.715
548.948
549.082
549.315
549.416
549.649
549.783
549.883
550.016
550.150
550.350
550.483
550.717
550.817
551.051
551.184
551.418
551.518
551.751
551.918
552.152
552.252
552.485
552.585
552.719
552.819
552.952
554.376
554.498
554.619
554.740
554.862
554.983
557.220
557.363
557.506
557.648
557.791
557.934
560.057
560.179
560.301
560.423
560.544
560.666
562.848
562.956
563.064
563.173
563.281
563.389
565.999
566.733
567.434
568.134
568.868
569.569
570.270
570.970
571.671
572.405
573.106
573.807
574.541
575.241
576.943
577.310
577.644
578.011
578.344
578.711
579.045
579.412
579.779
580.113
580.480
580.814
581.181
581.514
581.881
582.215
582.582
582.949
583.316
583.650
583.983
584.350
584.717
585.051
585.418
585.752
586.119
586.486
588.254
588.488
588.588
588.822
588.955
589.155
589.289
589.522
589.656
589.889
589.989
590.223
590.356
590.590
590.723
590.924
591.057
591.291
591.391
591.624
591.758
591.991
592.092
592.325
592.459
592.692
592.826
593.059
593.159
593.393
593.493
593.726
593.860
594.094
594.227
594.427
594.561
594.794
594.928
595.161
595.261
595.495
595.628
595.829
595.962
596.196
596.329
596.563
596.663
596.896
597.030
597.263
597.397
597.630
597.730
599.332
599.532
599.866
600.233
600.567
600.934
601.267
601.634
601.968
602.202
602.335
602.669
603.036
603.369
603.736
604.070
604.437
604.771
605.038
605.138
605.472
605.839
606.172
606.539
606.873
607.240
607.574
607.774
607.941
608.274
608.641
608.975
609.342
609.742
610.110
610.443
610.810
611.177
611.511
611.878
612.245
612.579
612.912
613.279
613.513
613.646
613.980
614.314
614.681
615.048
615.381
615.715
616.082
616.316
616.449
616.783
617.117
617.484
617.851
618.184
618.518
618.885
619.085
619.252
619.586
619.919
620.286
620.653
621.054
621.387
622.055
622.422
622.755
623.123
623.456
623.823
624.157
624.524
624.724
624.891
625.225
625.558
625.925
626.259
626.659
627.026
627.393
627.760
628.094
628.428
628.795
629.129
629.496
629.829
630.196
630.396
630.530
630.897
631.231
631.598
631.931
632.165
632.298
632.532
632.665
632.866
632.999
633.233
644.644
644.878
644.978
645.245
645.345
645.578
645.678
645.912
646.045
646.279
646.379
646.613
646.746
646.980
647.080
647.347
647.447
647.680
647.814
648.014
648.148
648.381
648.481
648.748
648.882
649.082
649.215
649.449
649.582
649.816
649.916
650.150
650.283
650.517
650.617
650.850
650.984
651.217
651.351
651.551
651.684
651.918
652.018
652.285
652.385
652.619
652.752
652.952
653.086
653.319
653.453
653.686
653.820
654.020
654.154
654.387
654.487
654.721
654.854
655.088
655.221
655.421
655.555
655.788
655.922
656.156
656.256
656.489
656.623
656.823
656.956
657.190
657.323
657.557
657.657
657.891
658.024
658.258
658.391
658.625
658.758
658.958
659.092
659.325
659.425
659.659
659.792
660.026
660.160
660.360
660.493
660.727
660.860
661.094
661.194
661.427
661.561
661.761
661.895
662.128
662.262
662.495
662.629
662.829
662.962
663.196
663.296
663.563
663.663
663.897
664.030
664.230
664.364
664.597
664.697
664.964
665.064
665.298
665.431
665.665
665.798
665.999
666.132
666.366
666.466
666.699
666.833
667.066
667.200
668.168
668.568
668.868
669.202
669.469
669.736
670.036
670.303
670.570
670.837
671.104
671.304
671.471
671.671
671.804
671.938
672.071
672.205
672.291
672.376
672.462
672.548
672.634
672.720
672.805
672.939
673.106
673.273
673.439
673.640
673.806
673.973
674.140
674.307
674.507
674.674
674.841
675.008
675.175
675.375
675.542
675.708
675.875
676.042
676.242
676.409
676.495
676.581
676.668
676.754
676.840
676.926
677.012
677.099
677.185
677.271
677.357
677.443
677.530
677.616
677.702
677.788
677.874
677.961
678.047
678.133
678.219
678.305
678.392
678.478
678.845
679.112
679.546
679.913
680.180
680.513
680.980
681.314
681.648
681.948
682.382
682.715
682.982
683.349
683.783
684.117
684.484
684.817
685.185
685.518
685.885
686.219
686.586
686.920
687.287
687.620
688.021
688.354
688.721
689.088
689.422
689.756
690.123
690.490
690.823
691.157
691.524
691.858
692.225
692.559
692.926
693.293
693.660
693.993
695.428
695.595
695.762
695.929
696.095
696.262
696.462
696.629
696.829
696.996
697.163
697.330
697.497
697.664
697.864
698.031
698.231
698.398
698.565
698.731
698.898
699.065
699.299
699.465
699.632
699.799
699.999
700.166
700.366
700.533
700.700
700.867
701.034
701.201
701.401
701.568
701.734
701.935
702.101
702.268
702.435
702.602
702.802
702.969
703.169
703.336
703.503
703.670
703.870
704.037
704.204
704.404
704.571
704.737
704.938
705.071
705.271
705.371
705.471
705.605
705.805
705.972
706.055
706.139
706.339
706.472
706.673
706.839
707.006
707.207
707.373
707.540
707.740
707.941
708.107
708.274
708.474
708.608
708.808
708.975
709.142
709.342
709.509
709.676
709.876
710.009
710.210
710.376
710.543
710.743
710.910
711.077
711.277
711.411
711.611
711.778
711.945
712.145
712.345
712.512
712.679
712.845
713.046
713.213
713.379
713.546
713.746
713.913
714.080
714.247
714.447
714.614
714.781
714.948
715.148
715.315
715.481
715.648
715.848
716.015
716.216
716.382
716.583
716.749
