35.767
37.683
39.583
41.017
41.483
43.383
45.300
47.200
48.633
49.100
51.017
51.967
52.917
53.867
54.817
55.767
56.250
56.717
57.683
58.633
59.583
60.533
61.483
62.433
63.383
63.867
64.350
65.300
66.250
66.717
67.200
67.683
68.150
68.633
69.100
69.583
70.050
70.533
71.017
71.483
71.967
72.433
72.917
73.383
73.867
74.350
74.817
75.300
75.767
76.250
76.717
77.200
77.683
78.150
78.633
79.100
79.583
80.050
80.533
81.017
81.483
81.967
82.200
82.433
82.917
83.383
83.867
84.117
84.350
84.817
85.300
85.767
86.017
86.250
86.717
87.200
87.433
87.683
87.917
88.150
88.383
88.633
89.100
89.583
89.817
90.050
90.533
91.017
91.483
91.733
91.967
92.433
92.917
93.383
93.633
93.867
94.350
94.817
95.300
95.767
96.250
100.533
104.350
108.150
110.050
111.967
113.867
115.767
116.733
117.683
118.633
119.583
120.533
121.483
122.450
127.200
127.683
127.917
128.150
128.633
128.867
129.117
129.583
129.817
130.067
130.533
130.783
131.017
131.483
131.733
131.967
132.450
132.683
132.917
133.400
133.633
133.867
134.117
134.350
134.817
135.300
135.533
135.783
136.250
136.483
136.733
137.200
137.450
137.683
138.150
138.400
138.633
139.117
139.350
139.583
140.067
140.300
140.533
141.017
141.250
141.483
141.733
141.967
142.450
142.917
143.150
143.400
143.867
144.117
144.350
144.817
145.067
145.300
145.783
146.017
146.250
146.733
146.967
147.200
147.683
147.917
148.150
148.633
148.867
149.117
149.350
149.583
149.817
150.067
150.533
150.783
151.017
151.483
151.733
151.967
152.450
152.683
152.917
153.400
153.633
153.867
154.350
154.583
154.817
155.300
155.533
155.783
156.250
156.483
156.733
156.967
157.200
157.450
157.683
158.150
158.633
159.117
159.583
160.067
160.533
161.017
161.483
161.967
162.450
162.917
163.400
163.867
164.350
164.817
165.300
166.250
167.200
168.150
169.117
169.583
170.067
170.533
171.017
171.250
171.483
171.733
171.967
172.200
172.450
172.683
188.633
189.583
190.533
191.483
192.450
193.400
194.350
195.300
196.017
196.250
196.967
197.200
197.917
198.150
198.867
199.117
199.817
200.067
200.783
201.017
201.733
201.967
202.683
202.917
203.383
203.867
204.117
204.350
204.817
205.067
205.300
205.783
206.017
206.250
206.733
206.967
207.200
207.683
207.917
208.150
208.633
208.867
209.100
209.583
209.817
210.067
210.300
210.533
211.017
211.483
211.733
211.967
212.450
212.683
212.917
213.400
213.633
213.867
214.350
214.583
214.817
215.300
215.533
215.783
216.250
216.483
216.733
217.200
217.450
217.683
217.917
218.150
218.617
219.117
219.350
219.567
220.067
220.300
220.533
221.017
221.250
221.467
221.967
222.200
222.417
222.917
223.150
223.367
223.867
224.117
224.333
224.817
225.067
225.283
225.517
225.783
226.017
226.233
226.733
226.967
227.200
227.683
227.917
228.133
228.633
228.867
229.083
229.583
229.817
230.033
230.533
230.783
231.000
231.483
231.733
231.950
232.450
232.683
232.917
233.150
233.400
233.633
233.867
234.350
234.583
234.817
235.283
235.533
235.750
236.233
236.483
236.700
237.183
237.450
237.667
238.133
238.400
238.617
239.100
239.350
239.583
240.050
240.300
240.533
240.783
241.017
241.483
241.967
242.200
242.417
242.900
243.150
243.367
243.850
244.117
244.333
244.800
245.067
245.300
245.767
246.017
246.233
246.700
246.967
249.100
249.350
249.567
249.800
250.050
250.533
250.767
251.017
251.467
251.700
251.950
252.417
252.667
252.900
253.133
253.383
253.633
253.850
254.350
254.567
254.817
255.300
255.533
255.767
256.233
256.483
256.717
256.967
257.200
257.433
257.667
258.133
258.383
258.633
259.083
259.350
259.583
260.050
260.300
260.533
260.767
261.017
261.250
261.483
261.967
262.183
262.417
262.900
263.133
263.367
263.850
264.083
264.333
264.567
264.800
265.033
265.283
265.517
265.750
266.000
266.250
266.483
266.717
266.967
267.200
267.433
267.683
267.917
268.133
268.383
268.617
268.850
269.100
269.350
269.567
269.817
270.050
270.300
270.517
270.750
271.000
271.250
271.467
271.700
271.950
272.917
273.867
274.800
275.750
276.700
277.667
278.617
279.583
280.067
280.533
281.017
281.483
281.967
282.450
282.917
283.400
283.867
284.350
284.817
285.300
285.783
286.250
286.733
287.200
287.683
288.150
288.633
289.117
289.583
290.067
290.533
291.017
291.483
291.967
292.450
292.917
293.400
293.867
294.333
329.150
329.883
330.367
330.600
331.083
333.033
333.750
334.233
334.483
334.967
336.900
337.617
338.100
338.350
338.833
340.767
341.500
341.983
342.217
342.700
344.633
345.367
345.850
346.083
350.450
350.933
351.417
351.900
352.383
352.867
353.350
353.833
354.317
354.800
355.283
355.767
356.250
356.733
357.217
357.700
358.183
358.667
359.150
359.633
360.117
360.367
360.600
360.850
361.083
361.333
361.567
361.817
362.050
362.173
362.296
362.419
362.542
362.665
362.787
362.910
363.033
363.156
363.279
363.402
363.525
363.648
363.771
363.894
364.017
365.933
366.417
366.900
367.383
367.867
368.350
368.833
369.317
369.800
370.283
370.533
370.767
371.250
371.733
371.983
372.217
372.700
373.183
373.667
374.150
374.633
375.117
375.600
376.083
376.567
377.050
377.533
378.033
378.267
378.517
379.000
379.483
381.417
381.900
382.383
382.867
383.350
383.833
384.317
384.800
385.283
385.767
386.017
386.250
386.733
387.217
387.467
387.700
388.183
388.667
389.150
389.633
390.117
390.600
391.083
391.567
392.050
392.533
393.033
393.267
393.517
394.000
394.483
396.900
397.100
397.383
397.867
398.100
398.350
398.833
399.050
399.317
399.800
400.033
400.283
400.767
400.983
401.250
401.733
401.983
402.217
402.700
402.917
403.183
403.667
403.917
404.150
404.633
404.850
405.117
405.600
405.850
406.083
406.567
406.783
407.050
407.533
407.783
408.033
408.517
408.717
409.000
409.483
409.717
409.967
410.450
412.383
412.617
412.867
413.350
413.833
414.317
414.550
414.800
415.283
415.767
416.250
416.500
416.733
417.217
417.700
418.183
418.433
418.667
419.150
419.633
420.117
420.367
420.600
421.083
421.567
422.050
422.300
422.533
423.033
423.517
424.000
424.233
424.483
424.967
425.450
425.933
426.417
426.650
427.133
427.383
427.617
427.867
431.733
435.600
439.483
443.350
443.717
444.067
444.317
444.683
445.283
445.650
446.017
446.250
446.617
447.217
447.583
447.950
448.183
448.550
449.150
449.517
449.883
450.117
450.367
450.600
450.850
451.083
451.450
451.817
452.050
452.417
453.033
453.383
453.750
454.000
454.350
454.950
455.317
455.683
455.933
456.283
456.883
457.267
457.617
457.867
458.100
458.350
458.817
459.200
459.550
459.783
460.167
460.750
461.017
461.250
461.500
461.717
461.983
462.217
462.467
462.683
462.950
463.183
463.433
463.667
463.917
464.150
464.400
464.633
464.883
465.117
465.350
465.600
465.850
466.083
466.317
466.550
466.672
466.794
466.917
467.039
467.161
467.283
467.406
467.528
467.650
467.772
467.894
468.017
468.139
468.261
468.383
468.517
469.000
469.483
469.967
470.450
470.933
471.417
471.900
472.383
472.867
473.350
473.833
476.250
476.733
477.217
477.683
478.183
478.650
479.150
479.633
480.117
480.600
480.850
481.083
481.550
482.050
482.300
482.517
483.017
483.483
483.983
484.467
484.950
485.433
485.917
486.417
486.900
487.383
487.850
488.350
488.583
488.833
489.317
489.800
491.717
492.217
492.683
493.183
493.650
494.150
494.617
495.117
495.600
496.083
496.317
496.550
497.050
497.533
497.783
498.017
498.483
498.983
499.450
499.950
500.433
500.917
501.417
501.900
502.383
502.867
503.350
503.833
504.067
504.317
504.800
505.283
507.217
507.450
507.700
508.183
508.433
508.667
509.150
509.383
509.633
510.117
510.367
510.600
511.083
511.333
511.550
511.817
512.050
512.300
512.533
513.017
513.250
513.483
514.000
514.233
514.483
514.950
515.183
515.417
515.933
516.167
516.417
516.900
517.133
517.383
517.617
517.867
518.100
518.350
518.817
519.050
519.317
519.800
520.033
520.283
520.750
522.700
522.933
523.183
523.667
524.150
524.633
525.117
525.600
526.083
526.567
526.817
527.050
527.533
528.017
528.517
529.000
529.483
529.967
530.417
530.683
530.917
531.417
531.900
532.383
532.617
532.850
533.350
533.833
534.317
534.550
534.800
535.283
535.767
536.250
536.733
536.950
537.450
537.683
537.917
538.150
545.117
545.433
545.767
546.083
547.700
548.017
548.333
548.667
550.283
550.600
550.917
551.250
552.850
553.183
553.500
553.833
555.450
556.100
556.750
557.383
558.033
558.683
559.333
559.967
560.617
561.267
561.900
562.550
563.200
563.850
564.483
565.133
565.783
566.100
566.417
566.750
567.067
567.383
567.717
568.033
568.333
568.983
569.950
570.600
570.933
571.267
571.583
571.900
572.233
572.550
572.867
573.200
573.500
573.833
574.150
574.467
574.800
575.117
575.433
576.000
576.250
576.350
576.433
576.567
576.667
576.750
576.883
576.983
577.067
577.217
577.317
577.400
577.533
577.633
577.717
577.850
577.950
578.033
578.183
578.283
578.350
578.517
578.833
578.933
579.000
579.150
579.250
579.333
579.467
579.567
579.667
579.833
579.900
579.967
580.117
580.217
580.300
580.433
580.533
580.617
580.767
580.867
580.933
581.083
581.400
581.500
581.583
581.733
581.833
581.917
582.050
582.150
582.233
582.367
582.467
582.550
582.700
582.800
582.883
583.017
583.117
583.200
583.333
583.433
583.517
583.667
583.850
584.167
584.483
584.817
585.133
585.450
585.783
586.100
586.567
586.667
586.750
586.883
586.983
587.067
587.217
587.317
587.400
587.533
587.633
587.717
587.850
587.950
588.033
588.183
588.283
588.367
588.500
588.600
588.700
588.833
589.150
589.250
589.333
589.467
589.567
589.650
589.800
589.883
589.967
590.117
590.217
590.317
590.450
590.550
590.633
590.767
590.850
590.933
591.083
591.183
591.267
591.417
591.733
591.821
591.908
592.050
592.150
592.233
592.367
592.467
592.550
592.700
592.800
592.883
593.017
593.117
593.200
593.333
593.433
593.517
593.667
593.767
593.850
594.000
594.167
594.483
594.817
595.117
595.450
595.767
596.100
596.400
596.733
599.333
599.650
599.967
600.300
600.617
600.933
601.267
601.583
601.900
602.233
602.550
602.867
603.200
603.517
603.850
604.167
604.483
604.650
604.817
604.967
605.133
605.300
605.450
605.617
605.783
606.100
606.417
606.750
607.067
607.233
607.383
607.550
607.717
607.867
608.033
608.200
608.350
608.517
608.683
608.850
608.983
609.150
609.317
609.467
609.650
609.967
610.300
610.617
610.933
611.267
611.583
611.900
612.233
612.550
612.867
613.200
613.517
613.850
614.167
614.483
614.817
615.133
615.450
615.783
616.100
616.417
616.750
617.067
617.383
617.700
618.033
618.200
618.350
618.683
619.000
619.333
619.483
619.650
619.967
620.600
621.250
621.883
622.533
623.183
623.833
624.467
625.117
625.433
625.767
626.083
626.400
626.733
627.050
627.367
627.700
628.017
628.333
628.683
628.983
629.317
629.633
629.800
629.950
630.117
630.283
630.433
630.600
630.933
631.100
631.267
631.567
631.733
631.883
632.233
632.383
632.550
632.850
633.017
633.183
633.517
633.683
633.850
634.150
634.317
634.467
634.817
634.967
635.133
635.433
635.600
635.767
636.100
636.267
636.417
636.750
636.883
637.050
637.383
637.550
637.717
638.033
638.183
638.333
638.683
638.850
639.000
639.317
639.467
639.633
639.967
640.133
640.300
640.617
640.767
640.917
641.083
641.242
641.400
641.567
641.900
642.067
642.233
642.383
642.550
642.717
642.867
643.183
643.333
643.500
643.667
643.833
643.983
644.150
644.483
644.650
644.817
644.967
645.133
645.300
645.450
645.767
645.917
646.083
646.250
646.400
646.583
646.733
647.067
647.233
647.383
647.550
647.717
647.867
648.033
648.333
648.500
648.667
648.833
648.983
649.150
649.317
649.650
649.817
649.967
650.133
650.283
650.450
650.617
650.783
650.933
653.200
653.517
654.817
656.100
658.350
658.667
659.967
661.267
662.550
663.200
663.517
663.850
665.133
666.417
667.717
668.350
668.683
669.000
670.300
670.617
670.933
671.267
671.567
671.733
671.833
671.917
672.050
672.150
672.233
672.367
672.467
672.550
672.700
672.791
672.881
673.050
673.135
673.221
673.333
673.433
673.517
673.667
673.767
673.850
674.000
674.322
674.403
674.483
674.626
674.721
674.817
674.950
675.050
675.133
675.281
675.366
675.450
675.600
675.700
675.783
675.917
676.017
676.100
676.250
676.350
676.433
676.567
676.883
676.985
677.087
677.217
677.308
677.400
677.533
677.633
677.717
677.850
677.950
678.033
678.183
678.283
678.367
678.500
678.600
678.683
678.833
678.933
679.000
679.150
679.333
679.967
680.617
681.267
681.883
682.050
682.217
682.367
682.533
682.700
682.850
683.017
683.183
683.350
683.517
683.667
683.833
683.983
684.167
684.317
684.467
684.633
684.800
684.950
685.117
685.283
685.433
685.600
685.783
685.917
686.083
686.267
686.400
686.567
686.733
686.883
687.050
687.233
687.367
687.533
687.700
687.850
688.017
688.183
688.333
688.500
688.683
688.850
689.000
689.150
689.333
689.633
689.800
689.950
690.283
690.433
690.917
691.083
691.400
691.583
691.750
691.883
692.050
692.233
701.300
705.150
708.900
712.650
716.400
717.333
718.283
719.217
720.150
721.083
722.033
722.967
723.900
724.367
724.833
725.300
725.783
726.250
726.717
727.183
727.650
728.117
728.583
729.050
729.533
730.467
731.400
732.800
733.033
735.150
736.550
736.783
738.900
740.300
740.533
741.717
741.950
742.183
742.650
744.050
744.283
745.467
745.700
745.933
746.167
746.400
746.867
747.333
747.800
748.283
748.750
749.217
749.683
750.150
750.617
751.083
751.550
752.033
752.500
752.967
753.433
753.900
754.133
754.367
754.833
755.300
755.533
756.250
756.717
756.950
757.183
757.650
757.883
758.117
758.583
759.050
759.300
760.000
760.467
760.700
760.933
761.400
762.333
763.283
764.217
765.150
765.617
766.083
766.550
767.033
767.500
767.967
768.433
768.900
769.133
769.367
769.600
769.833
770.067
770.300
770.550
770.783
771.017
771.250
771.483
771.717
771.950
772.183
772.417
772.667
772.784
772.902
773.020
773.138
773.256
773.373
773.491
773.609
773.727
773.844
773.962
774.080
774.198
774.316
774.433
776.400
776.867
777.333
777.800
778.283
778.750
779.217
779.683
780.150
780.617
781.083
781.550
782.033
782.500
782.967
783.167
783.433
783.667
783.900
784.367
784.833
785.300
785.783
786.250
786.717
787.183
787.650
788.117
788.583
789.050
789.533
790.000
790.467
790.667
790.933
791.167
791.400
791.867
792.333
792.800
793.283
793.750
794.217
794.683
795.150
795.617
796.083
796.550
797.033
797.500
797.967
798.167
798.433
798.667
798.900
799.367
799.833
800.300
800.783
801.250
801.717
802.183
802.650
803.117
803.583
804.050
804.533
805.000
805.233
805.700
805.933
806.167
806.400
806.867
807.333
807.567
807.800
808.283
808.750
809.217
809.450
809.683
810.150
810.617
811.083
811.317
811.550
812.033
812.500
812.967
813.200
813.433
813.667
813.900
814.367
814.833
815.067
815.300
815.783
816.250
816.717
816.950
817.183
817.650
818.117
818.583
818.817
819.050
819.533
820.000
820.233
820.467
820.700
820.933
825.150
828.900
832.650
836.400
837.800
838.050
840.150
843.900
845.317
845.550
847.650
849.300
851.400
851.633
851.867
852.100
852.333
852.567
852.817
853.050
853.750
854.217
854.450
854.683
855.150
855.617
856.083
856.567
856.800
857.500
857.967
858.200
858.433
858.900
859.133
859.367
859.600
859.833
860.067
860.317
860.550
861.250
861.717
861.950
862.183
862.650
863.117
863.583
864.067
864.300
865.000
865.700
865.933
866.400
866.867
867.333
867.800
868.283
868.750
869.217
869.667
870.150
870.617
871.083
871.550
872.017
872.483
872.950
873.417
873.900
874.367
874.833
875.300
875.767
876.250
876.717
877.167
877.650
878.133
878.583
879.067
879.517
879.983
880.450
880.917
881.400
881.633
881.867
882.100
882.333
882.567
883.283
883.517
883.750
883.983
884.217
884.450
885.150
885.383
885.617
885.850
886.083
886.317
886.550
887.033
887.267
887.500
887.733
887.967
888.200
888.433
888.917
889.034
889.150
889.267
889.384
889.501
889.618
889.735
889.852
889.969
890.086
890.203
890.320
890.436
890.553
890.670
890.787
890.904
891.021
891.138
891.255
891.372
891.489
891.605
891.722
891.839
891.956
892.073
892.190
892.307
892.424
892.541
892.670
892.772
892.873
892.975
893.076
893.178
893.279
893.380
893.482
893.583
893.683
893.740
893.798
893.855
893.912
893.969
894.026
894.083
894.140
894.198
894.255
894.312
894.369
894.426
894.483
896.400
896.867
897.333
897.567
897.800
898.283
898.750
899.217
899.450
899.683
900.150
900.617
901.083
901.317
901.550
902.017
902.500
902.950
903.183
903.417
903.650
903.900
904.367
904.833
905.067
905.300
905.767
906.250
906.717
906.950
907.167
907.650
908.117
908.583
908.817
909.067
909.533
909.983
910.450
910.683
910.933
911.150
911.400
911.867
912.333
912.800
913.267
913.733
914.200
914.667
915.150
915.617
916.083
916.550
917.017
917.267
917.500
917.717
917.950
918.200
918.433
918.683
918.917
919.383
919.850
920.067
920.317
920.783
921.233
921.700
921.933
922.167
922.650
923.117
923.583
923.817
924.050
924.533
926.400
926.867
927.333
927.567
927.817
928.283
928.750
929.217
929.450
929.683
930.150
930.617
931.083
931.333
931.567
932.033
932.500
932.967
933.200
933.433
933.667
933.900
934.367
934.833
935.067
935.300
935.767
936.250
936.700
936.933
937.167
937.650
938.117
938.600
938.817
939.050
939.533
939.983
940.450
940.683
940.917
941.167
941.400
941.867
942.333
942.583
942.817
943.267
943.733
944.200
944.450
944.667
945.150
945.617
946.083
946.333
946.567
947.033
947.483
947.950
948.183
948.417
948.667
948.900
949.367
949.833
950.067
950.317
950.783
951.250
951.717
951.933
952.167
952.650
953.117
953.583
953.817
954.050
954.533
955.000
955.217
955.450
955.683
955.917
956.400
956.633
956.867
957.100
957.333
957.583
957.817
958.050
958.517
958.750
959.217
959.450
959.683
960.150
960.617
961.083
961.567
961.800
962.267
962.500
962.967
963.200
963.433
963.900
964.133
964.367
964.600
964.833
965.083
965.317
965.550
966.017
966.250
966.717
966.950
967.183
967.650
968.117
968.583
969.067
969.300
969.767
970.000
970.467
970.700
970.933
971.400
971.867
972.333
972.817
973.283
973.750
974.217
974.683
975.150
975.617
976.083
976.567
977.033
977.500
977.967
978.433
978.900
979.367
979.833
980.317
980.783
981.250
981.717
982.183
982.650
983.117
983.583
984.067
984.533
985.000
985.467
985.700
985.933
986.150
1000.967
1001.333
1001.733
1001.983
1002.200
1002.433
1002.800
1003.200
1003.450
1003.667
1003.917
1004.283
1004.667
1004.917
1005.133
1005.383
1005.750
1006.150
1006.383
1006.600
1006.833
1006.933
1007.200
1007.600
1007.833
1008.050
1008.300
1008.400
1008.667
1009.083
1009.333
1009.517
1009.800
1009.917
1010.183
1010.583
1010.800
1011.033
1011.267
1011.383
1011.650
1012.050
1012.300
1012.500
1012.733
1012.850
1013.100
1013.217
1013.500
1013.600
1013.867
1013.967
1014.200
1014.317
1014.583
1014.983
1015.233
1015.450
1015.667
1015.783
1016.033
1016.433
1016.683
1016.900
1017.117
1017.217
1017.483
1017.867
1018.233
1018.700
1019.150
1020.350
1020.617
1022.117
1023.333
1023.583
1025.033
1025.150
1025.417
1026.500
1026.633
1026.883
1027.967
1028.083
1028.350
1029.400
1029.650
1029.933
1030.133
1030.400
1030.650
1030.950
1031.683
1032.417
1032.667
1032.900
1033.150
1033.883
1034.617
1035.367
1035.450
1035.533
1035.633
1035.850
1036.083
1036.833
1037.550
1038.300
1039.750
1041.233
1042.733
1043.483
1044.233
1044.320
1044.406
1044.650
1044.900
1045.633
1047.167
1047.400
1047.650
1047.917
1048.633
1050.100
1051.567
1052.300
1053.033
1053.833
1054.067
1054.317
1054.567
1054.933
1055.783
1056.033
1056.400
1057.250
1057.500
1057.867
1058.717
1058.967
1059.333
1059.950
1060.183
1060.433
1060.800
1061.650
1061.900
1062.267
1063.133
1063.367
1063.733
1064.600
1064.833
1065.200
1065.567
1065.817
1066.067
1066.300
1066.667
1067.100
1067.533
1067.783
1068.150
1068.567
1069.000
1069.250
1069.617
1070.033
1070.283
1070.533
1070.767
1071.133
1071.500
1071.750
1072.000
1072.233
1072.600
1072.983
1073.217
1073.467
1073.717
1074.083
1074.450
1074.683
1074.933
1075.183
1075.550
1075.917
1076.150
1076.433
1076.683
1077.050
1077.417
1077.650
1077.900
1078.150
1078.517
1078.850
1079.150
1079.400
1080.117
1080.367
1080.600
1080.850
1081.117
1081.783
1082.017
1082.283
1082.500
1083.250
1083.517
1083.767
1083.983
1084.750
1085.000
1085.233
1085.483
1086.250
1086.500
1086.750
1086.967
1087.717
1087.967
1088.217
1088.467
1089.217
1089.467
1089.717
1089.933
1090.683
1090.933
1091.183
1091.433
1092.117
1092.983
1093.633
1093.883
1094.133
1094.350
1095.117
1095.367
1095.617
1095.867
1096.600
1096.833
1097.083
1097.317
1098.100
1098.850
1099.517
1099.750
1100.000
1100.250
1101.000
1101.233
1101.483
1101.733
1102.467
1102.700
1102.950
1103.200
1104.000
1104.717
1104.817
1105.050
1105.450
1105.683
1105.950
1106.183
1106.300
1106.517
1106.933
1107.167
1107.417
1107.667
1107.767
1108.000
1108.417
1108.650
1108.917
1109.133
1109.233
1109.467
1109.900
1110.133
1110.383
1110.617
1110.717
1110.950
1111.367
1111.600
1111.850
1112.083
1112.183
1112.417
1112.833
1113.083
1113.317
1113.550
1113.650
1113.883
1114.283
1114.533
1114.767
1115.017
1115.117
1115.350
1115.783
1116.033
1116.267
1116.533
1116.883
1117.183
1117.700
1137.950
1139.267
1139.517
1139.833
1140.717
1140.917
1142.217
1142.450
1142.767
1143.667
1143.867
1145.200
1145.433
1145.750
1146.617
1146.817
1148.167
1148.383
1148.700
1149.767
1150.200
1150.500
1151.000
1151.275
1151.392
1151.509
1151.733
1151.967
1152.250
1152.467
1152.733
1153.133
1153.500
1153.917
1154.300
1154.401
1154.502
1154.700
1154.950
1155.750
1156.117
1156.483
1156.967
1157.233
1157.367
1157.500
1157.700
1157.950
1158.183
1158.433
1158.683
1158.950
1159.067
1159.383
1159.633
1159.867
1160.150
1161.600
1161.967
1162.350
1162.600
1162.850
1163.083
1163.483
1163.833
1164.083
1164.333
1164.533
1164.933
1165.300
1165.550
1165.817
1166.050
1166.400
1166.817
1167.017
1167.267
1167.500
1167.883
1168.233
1168.483
1168.733
1168.967
1169.367
1169.750
1169.983
1170.233
1170.483
1170.850
1171.250
1171.467
1171.750
1171.967
1174.217
1174.900
1175.633
1176.117
1176.367
1176.600
1176.850
1177.100
1177.867
1178.617
1180.100
1180.767
1181.500
1181.983
1182.233
1182.483
1182.717
1185.283
1186.150
1186.400
1186.700
1187.067
1187.683
1187.917
1188.167
1188.533
1188.900
1190.367
1190.617
1190.867
1191.100
1191.467
1191.867
1192.117
1192.350
1192.600
1192.967
1193.333
1193.583
1193.833
1194.067
1194.433
1194.800
1196.300
1197.000
1197.400
1199.233
1199.467
1199.733
1199.933
1200.350
1200.717
1200.933
1201.183
1201.433
1201.767
1202.183
1202.433
1202.683
1202.900
1203.233
1203.650
1203.900
1204.133
1204.333
1205.100
1205.850
1206.617
1206.867
1207.100
1207.333
1207.750
1208.083
1208.333
1208.567
1208.800
1209.233
1209.567
1209.817
1210.067
1210.267
1211.000
1211.767
1212.517
1212.767
1212.983
1213.217
1213.617
1213.950
1214.217
1214.450
1214.667
1215.083
1215.483
1215.750
1215.967
1216.133
1216.867
1217.633
1218.400
1218.667
1218.900
1219.117
1219.550
1219.917
1220.183
1220.400
1220.633
1221.000
1221.400
1221.650
1221.883
1222.067
1222.800
1223.567
1226.550
1226.917
1228.000
1229.483
1229.850
1230.950
1232.450
1232.817
1233.933
1235.400
1235.767
1236.883
1237.000
1237.233
1237.600
1237.833
1238.083
1238.367
1238.483
1238.717
1239.083
1239.333
1239.567
1239.850
1239.967
1240.200
1240.567
1240.800
1241.050
1241.317
1241.433
1241.667
1242.033
1242.283
1242.517
1242.750
1242.867
1243.133
1243.483
1243.717
1243.950
1244.217
1244.333
1244.600
1244.950
1245.183
1245.417
1245.683
1245.817
1246.083
1246.417
1246.667
1246.883
1247.150
1247.283
1247.533
1247.900
1248.150
1248.350
1248.583
1248.733
1248.967
1249.317
1249.567
1249.783
1250.050
1250.200
1250.433
1250.783
1251.033
1251.250
1251.517
1251.667
1251.900
1252.267
1252.500
1252.717
1253.000
1253.133
1253.383
1253.733
1253.967
1254.183
1254.550
1254.683
1254.917
1255.033
1255.317
1255.433
1255.683
1255.817
1256.017
1256.133
1256.383
1256.750
1256.983
1257.200
1257.483
1257.600
1257.850
1258.250
1258.483
1258.700
1258.950
1259.067
1259.317
1259.717
1259.933
1260.167
1260.967
1261.217
1261.450
1261.700
1261.950
1265.150
1265.417
1265.633
1265.867
1266.100
1266.400
1267.133
1267.883
1271.067
1271.300
1271.550
1271.800
1272.017
1272.267
1272.900
1273.683
1274.433
1274.683
1274.917
1275.167
1275.533
1275.900
1276.150
1276.400
1276.633
1277.000
1277.367
1277.617
1277.867
1278.100
1278.850
1279.583
1280.300
1280.550
1280.800
1281.050
1281.417
1281.783
1282.017
1282.267
1282.517
1282.883
1283.250
1283.483
1283.733
1283.983
1284.767
1285.500
1286.283
1286.517
1286.767
1287.017
1287.383
1287.750
1287.983
1288.233
1288.483
1288.850
1289.217
1289.450
1289.717
1289.967
1290.733
1291.450
1292.150
1292.400
1292.633
1292.883
1293.250
1293.633
1293.867
1294.100
1294.350
1294.717
1295.083
1295.333
1295.583
1295.817
1296.583
1297.300
1297.450
1297.683
1298.033
1298.267
1298.500
1298.767
1298.917
1299.150
1299.500
1299.733
1299.967
1300.233
1300.383
1300.617
1300.967
1301.217
1301.433
1301.700
1301.850
1302.083
1302.433
1302.683
1302.900
1303.233
1303.367
1303.617
1303.967
1304.200
1304.433
1304.700
1304.850
1305.083
1305.433
1305.667
1305.900
1306.167
1306.317
1306.550
1306.900
1307.133
1307.367
1307.633
1307.783
1308.017
1308.383
1308.617
1308.833
1309.150
1309.583
1309.883
1310.317
1310.617
1310.750
1310.867
1311.133
1311.367
1311.633
1311.850
1312.117
1312.467
1312.833
1313.317
1313.567
1313.683
1313.800
1314.083
1314.350
1315.050
1315.483
1315.783
1316.217
1316.517
1316.650
1316.767
1317.033
1317.250
1317.517
1317.767
1318.000
1318.183
1318.283
1318.383
1318.733
1318.967
1319.217
1319.483
1319.850
1320.267
1320.500
1320.733
1321.033
1321.467
1321.717
1322.200
1322.517
1322.611
1322.706
1322.800
1323.217
1323.417
1323.667
1323.917
1324.150
1324.400
1324.650
1324.900
1325.133
1325.383
1326.667
1326.900
1327.400
1327.650
1328.133
1328.383
1328.617
1328.867
1329.117
1329.350
1329.600
1329.833
1330.317
1330.567
1331.000
1331.267
1331.517
1331.733
1331.967
1332.200
1332.455
1332.717
1332.850
1333.100
1333.450
1333.683
1333.900
1334.183
1334.317
1334.567
1334.917
1335.150
1335.383
1335.650
1335.800
1336.033
1336.383
1336.617
1336.850
1337.117
1337.250
1337.500
1337.850
1338.083
1338.317
1338.667
1338.800
1339.033
1339.167
1339.433
1339.567
1339.800
1339.933
1340.133
1340.267
1340.500
1340.833
1341.083
1341.300
1341.600
1341.733
1341.967
1342.367
1342.617
1342.833
1343.067
1343.200
1343.433
1343.833
1344.050
1344.300
568.668
569.323
569.639
570.291
67
1343.200
1343.433
1343.833
1344.050
1344.300
1344.433
7
1328.867
1329.117
1329.350
1329.600
1329.833
1330.317
1330.567
1331.000
1331.267
1331.517
1331.733
1331.967
1332.200
1332.450
1332.533
1332.717
1332.850
1333.100
1333.450
1333.683
1333.900
1334.183
1334.317
1334.567
1334.917
1335.150
1335.383
1335.650
1335.800
1336.033
1336.383
1336.617
1336.850
1337.117
1337.250
1337.500
1337.850
1338.083
1338.317
1338.667
1338.800
1339.033
1339.167
1339.433
1339.567
1339.800
1339.933
1340.133
1340.267
1340.500
1340.833
1341.083
1341.300
1341.600
1341.733
1341.967
1342.367
1342.617
1342.833
1343.067
1343.200
1343.433
1343.833
1344.050
1344.300
1344.433
