83.400
83.867
84.350
84.817
85.283
85.750
86.217
86.683
87.167
87.633
88.100
88.567
89.033
89.500
89.967
90.433
90.900
91.383
91.850
92.317
92.783
93.250
93.717
94.183
94.650
95.133
95.600
96.067
96.533
97.000
97.467
97.933
98.400
98.883
99.350
99.817
100.283
100.750
101.217
101.683
102.150
102.633
103.100
103.567
104.033
104.500
104.967
105.433
105.900
106.383
106.850
107.317
107.783
108.250
108.717
109.183
109.650
110.133
110.600
111.067
111.533
112.000
112.467
112.933
113.400
113.867
114.350
114.817
115.283
115.750
116.217
116.683
117.150
117.633
118.100
118.567
119.033
119.500
119.967
120.433
120.900
121.367
121.850
122.317
122.783
123.250
123.717
124.183
124.650
125.117
125.600
126.067
126.533
127.000
127.467
127.933
128.400
128.867
129.350
129.817
130.283
130.750
131.217
131.683
132.150
132.617
133.083
133.567
134.033
134.500
134.967
135.433
135.900
136.367
136.850
137.317
137.783
138.250
138.717
139.183
139.650
140.117
140.600
141.067
141.533
142.000
142.467
142.933
143.400
143.867
144.333
144.817
145.283
145.750
146.217
146.683
147.150
147.617
148.083
148.567
149.033
149.500
149.967
150.433
150.900
151.369
151.838
152.306
152.775
153.244
153.713
154.181
154.650
155.117
155.583
156.067
156.533
157.000
157.467
157.933
158.400
158.867
159.333
159.817
160.283
160.750
161.217
161.683
162.150
162.617
163.083
163.567
164.033
164.500
164.967
165.433
165.900
166.367
166.833
167.300
167.783
168.250
168.717
169.183
169.650
170.117
170.583
171.067
171.533
172.000
172.467
172.933
173.400
173.867
174.333
174.800
175.283
175.750
176.217
176.683
177.150
177.617
178.083
178.550
179.033
179.500
179.967
180.433
180.900
181.367
181.833
182.300
182.783
183.250
183.717
184.183
184.650
185.117
185.583
186.050
186.517
187.000
187.467
187.935
188.404
188.873
189.342
189.810
190.279
190.748
191.217
191.683
192.150
192.617
193.083
193.550
194.033
194.500
194.967
195.433
195.900
196.367
196.833
197.300
197.767
198.250
198.717
199.183
199.650
200.117
200.583
201.050
201.517
202.000
202.467
202.933
203.400
203.867
204.333
204.800
205.267
205.750
206.217
206.683
207.152
207.621
208.090
208.560
209.029
209.498
209.967
210.433
210.900
211.367
211.833
212.300
212.767
213.250
213.717
214.183
214.650
215.117
215.583
216.050
216.517
217.000
217.467
217.933
218.400
218.867
219.333
219.800
220.267
220.733
221.217
221.683
222.150
222.617
223.083
223.550
224.017
224.500
224.967
225.433
225.900
226.369
226.838
227.306
227.775
228.244
228.713
229.181
229.650
230.117
230.583
231.050
231.517
231.983
232.467
232.933
233.400
233.867
234.333
234.800
235.267
235.733
236.217
236.683
237.150
237.617
238.083
238.550
239.017
239.483
239.950
240.433
240.900
241.367
241.833
242.300
242.767
243.233
243.717
244.183
244.650
245.117
245.583
246.050
246.517
246.983
247.467
247.933
248.400
248.867
249.333
249.800
250.267
250.733
251.200
251.683
252.150
252.617
253.083
253.550
254.017
254.483
254.950
255.433
255.900
256.367
256.833
257.300
257.767
258.233
258.700
259.183
259.650
260.117
260.583
261.050
261.517
261.983
262.450
262.933
263.400
263.867
264.333
264.800
265.267
265.733
266.200
266.683
267.150
267.617
268.083
268.550
269.017
269.483
269.950
270.417
270.900
271.367
271.833
272.300
272.767
273.233
273.700
274.167
274.650
275.117
275.583
276.050
276.517
276.983
277.450
277.917
278.400
278.850
279.333
295.217
296.150
297.083
298.033
298.967
299.900
300.850
301.783
302.717
303.650
304.583
305.533
306.467
307.400
308.333
308.800
309.050
309.283
309.750
310.217
310.683
311.150
311.617
312.100
312.567
312.800
313.033
313.500
313.967
314.433
314.900
315.367
315.833
316.317
316.550
316.783
317.250
317.717
318.183
318.650
319.117
319.600
320.067
320.300
320.533
321.000
321.467
321.933
322.400
322.867
323.350
323.817
324.050
324.283
324.750
325.217
325.683
326.150
326.617
327.083
327.567
328.033
328.500
328.967
329.433
329.900
330.367
330.850
331.300
331.783
332.250
332.717
333.183
333.650
334.117
334.600
335.067
335.533
336.000
336.467
336.933
337.400
337.867
338.333
338.817
339.283
339.750
339.983
340.217
340.450
340.683
340.917
341.150
341.383
341.617
341.850
342.100
342.333
342.550
342.800
343.033
343.267
343.500
343.733
343.967
344.200
344.433
344.667
344.900
345.133
345.367
345.617
345.850
346.083
346.317
346.550
346.783
347.017
347.250
347.483
347.717
347.950
348.183
348.417
348.650
348.883
349.117
349.350
349.583
349.833
350.067
350.300
350.533
350.767
351.000
351.233
351.467
351.700
351.933
352.167
352.400
352.633
352.867
353.100
353.350
353.583
353.817
354.050
354.283
354.517
354.750
356.150
356.617
357.100
357.567
358.033
358.500
358.967
359.433
359.900
360.367
360.850
361.317
361.783
362.250
362.717
363.183
363.650
364.117
364.600
365.067
365.533
366.000
366.467
366.933
367.400
367.867
368.350
368.817
369.283
369.750
371.117
371.583
372.067
372.533
373.000
373.467
373.933
374.400
374.867
375.333
375.817
376.283
376.750
377.217
377.683
378.150
378.617
379.083
379.567
380.033
380.500
380.967
381.433
381.900
382.367
382.833
383.317
383.783
384.250
384.717
387.050
387.533
388.000
388.467
388.933
389.400
389.867
390.333
390.817
391.283
391.750
392.217
392.683
393.150
393.617
394.083
394.567
395.033
395.500
395.967
396.433
396.900
397.367
397.833
398.317
398.783
399.250
399.717
400.183
400.650
401.117
401.583
402.067
402.533
403.000
403.467
403.933
404.050
404.167
404.283
404.400
404.633
404.867
405.100
405.333
405.567
405.800
405.933
406.050
406.167
406.283
406.517
406.750
406.983
407.217
407.450
407.683
407.800
407.917
408.033
408.150
408.383
408.617
408.850
409.083
409.317
409.567
409.683
409.783
409.900
410.033
410.267
410.500
410.733
410.967
411.200
411.433
411.550
411.667
411.783
411.900
412.133
412.367
412.600
412.833
413.067
413.317
413.433
413.550
413.667
413.783
414.017
414.250
414.483
414.717
414.950
415.183
415.300
415.417
415.533
415.650
415.883
416.117
416.350
416.583
416.817
417.067
417.183
417.300
417.417
417.533
417.767
418.000
418.233
418.467
418.933
420.800
422.683
424.550
425.967
426.200
426.433
426.667
426.900
427.133
427.367
427.600
427.833
428.067
428.317
428.550
428.783
429.017
429.250
429.483
429.717
429.950
430.183
430.417
430.650
430.883
431.117
431.350
431.583
431.817
432.067
432.283
432.533
432.767
433.000
433.467
433.933
434.400
434.867
435.333
435.817
436.283
436.750
437.217
437.683
438.150
438.617
439.083
439.567
440.033
440.500
440.967
441.433
441.900
442.367
442.833
443.317
443.783
444.250
444.717
445.183
445.650
446.117
446.583
447.067
447.533
448.000
448.467
449.867
450.333
450.817
451.283
451.750
452.217
452.683
453.150
453.617
454.083
454.567
455.033
455.500
455.967
456.433
456.900
457.367
457.833
458.317
458.783
459.250
459.717
460.183
460.650
461.117
461.583
462.067
462.533
463.933
464.867
465.800
466.750
467.683
468.617
469.550
470.500
471.433
472.367
473.300
474.250
475.183
476.117
477.050
478.000
478.467
478.700
478.933
479.167
479.400
479.633
479.867
480.100
480.333
480.567
480.817
481.050
481.283
481.517
481.750
481.983
482.217
482.450
482.683
482.917
483.150
483.383
483.617
483.850
484.083
484.317
484.567
484.800
485.033
485.267
485.500
485.733
485.967
486.200
486.433
486.667
486.900
487.133
487.367
487.600
487.833
488.083
488.300
488.550
488.783
489.017
489.250
489.483
489.717
489.950
490.183
490.417
490.650
490.883
491.117
491.350
493.000
493.467
493.933
494.400
494.850
495.317
495.783
496.250
496.700
497.167
497.617
498.067
498.517
498.967
499.417
499.867
500.317
500.767
501.200
501.650
502.083
502.533
502.967
503.400
503.850
504.283
504.717
505.150
505.583
506.000
506.433
506.867
507.283
507.717
508.983
509.400
509.817
510.233
510.650
511.067
511.483
511.900
512.317
512.717
513.133
513.533
513.950
514.350
514.750
515.167
515.567
515.967
516.367
516.767
517.167
517.567
517.967
518.350
518.750
519.133
519.533
519.917
520.317
540.567
540.783
540.983
541.200
541.400
541.617
541.817
542.017
542.233
542.433
542.650
542.850
543.050
543.267
543.467
543.683
543.883
545.533
546.367
547.200
548.017
548.850
549.683
550.500
551.333
552.167
552.983
553.817
554.650
555.467
556.300
557.133
557.950
558.783
559.200
559.617
560.017
560.433
560.850
561.267
561.683
562.100
562.500
562.917
563.333
563.750
564.167
564.583
564.983
565.400
565.817
566.233
566.650
567.067
567.467
567.883
568.300
568.717
568.917
569.133
569.333
569.550
569.750
569.950
570.167
570.367
570.471
570.576
570.680
570.784
570.889
570.993
571.098
571.202
571.307
571.411
571.516
571.620
571.724
571.829
571.933
573.683
574.100
574.517
574.917
575.333
575.750
576.167
576.583
576.983
577.400
577.817
578.233
578.650
579.067
579.467
579.883
580.300
580.717
581.133
581.550
581.950
582.367
582.783
583.200
583.617
584.033
584.433
584.850
585.267
585.683
586.100
586.517
586.917
587.133
587.333
587.750
587.950
588.167
588.583
588.783
589.000
589.400
589.617
589.817
590.233
590.433
590.650
591.067
591.267
591.467
591.883
592.100
592.300
592.717
592.917
593.133
593.533
593.750
593.950
594.367
594.583
594.783
595.200
595.400
595.617
596.033
596.233
596.433
596.850
597.067
597.267
597.683
597.883
598.100
598.517
598.717
598.917
599.333
599.550
599.750
600.167
600.367
600.583
601.000
601.200
601.400
601.817
602.033
602.233
602.650
602.850
603.067
603.483
603.683
603.883
604.300
604.517
604.717
605.133
605.333
605.550
605.967
606.167
606.367
606.783
606.983
607.200
607.617
607.817
608.033
608.450
608.650
608.850
609.267
609.483
609.683
610.100
610.300
610.500
610.917
611.133
611.333
611.750
612.167
612.583
613.000
613.400
613.817
614.233
614.650
615.067
615.483
615.883
616.300
616.717
617.133
617.550
617.967
618.367
618.583
618.783
619.000
619.200
619.400
619.617
619.817
620.033
620.137
620.241
620.344
620.448
620.552
620.655
620.759
620.862
620.966
621.070
621.173
621.277
621.381
621.484
621.588
621.692
621.795
621.899
622.003
622.106
622.210
622.314
622.417
622.521
622.624
622.728
622.832
622.935
623.039
623.143
623.246
623.350
625.000
625.400
625.817
626.233
626.650
627.067
627.483
627.883
628.300
628.717
629.133
629.550
629.967
630.367
630.783
631.200
631.617
632.033
632.450
632.850
633.267
633.683
634.100
634.517
634.917
635.333
635.750
636.167
636.583
637.000
637.417
637.817
638.233
638.650
639.067
639.483
639.900
640.300
640.717
641.133
641.550
641.967
642.367
642.783
643.200
643.617
644.033
644.450
644.850
645.267
645.683
646.100
646.517
646.933
647.333
647.750
648.167
648.583
649.000
649.417
649.817
650.233
650.650
651.067
651.483
651.683
651.800
651.900
652.100
652.300
652.517
652.717
652.933
653.133
653.333
653.450
653.567
653.750
653.967
654.167
654.383
654.583
654.783
655.000
655.117
655.217
655.417
655.617
655.817
656.033
656.233
656.450
656.650
656.767
656.867
657.067
657.267
657.483
657.683
657.900
658.100
658.300
658.417
658.517
658.717
658.933
659.133
659.333
659.550
659.750
659.967
660.083
660.183
660.383
660.583
660.783
661.000
661.200
661.417
661.617
661.733
661.833
662.033
662.233
662.450
662.650
662.867
663.067
663.267
663.383
663.500
663.683
663.900
664.100
664.300
664.517
668.033
668.867
669.267
669.683
670.517
670.933
671.350
672.167
672.583
673.000
673.817
674.233
674.650
675.483
675.900
676.300
677.133
677.550
677.967
678.783
679.200
679.617
680.450
680.867
681.267
682.100
682.517
682.933
683.350
683.750
684.167
684.583
685.000
685.417
685.817
686.233
686.650
687.067
687.483
687.900
688.317
688.717
689.133
689.550
689.967
690.383
690.800
691.200
691.617
692.033
692.450
692.867
693.067
693.267
693.483
693.683
693.900
694.100
694.317
694.517
694.633
694.733
694.833
694.950
695.050
695.150
695.250
695.350
696.167
697.000
697.833
698.650
699.483
700.317
701.133
701.967
702.800
703.617
704.450
705.283
706.100
706.933
707.750
708.583
709.417
709.833
710.233
710.650
711.067
711.483
711.900
712.317
712.717
713.133
713.550
713.967
714.383
714.800
715.200
715.617
716.033
716.450
716.867
717.283
717.683
718.100
718.517
718.933
719.350
719.750
720.167
720.583
721.000
721.417
721.833
722.250
722.650
723.067
723.283
723.483
724.100
724.317
724.733
724.933
725.133
725.767
725.967
726.383
726.583
726.800
727.417
727.617
728.033
728.250
728.450
729.067
729.283
729.683
729.900
730.100
730.717
730.933
731.350
731.550
731.767
732.383
732.583
733.000
733.217
733.417
734.033
734.250
734.650
734.867
735.067
735.683
735.900
736.317
736.517
736.733
737.350
737.550
737.967
738.167
738.383
739.000
739.217
739.617
739.833
740.033
740.650
740.867
741.283
741.483
741.700
742.317
742.517
742.933
743.133
743.350
743.967
744.183
744.583
744.800
745.000
745.617
745.833
746.250
746.450
746.667
747.283
747.483
747.900
748.100
748.317
748.933
749.133
749.550
749.767
749.967
750.383
750.583
750.800
751.217
751.417
751.617
752.033
752.250
752.450
752.867
753.067
753.283
753.700
753.900
754.100
754.517
754.733
754.933
755.350
755.550
755.767
756.183
756.383
756.583
757.000
757.217
757.417
757.833
758.033
758.250
758.667
758.867
759.067
759.483
759.700
759.900
760.317
760.517
760.733
761.133
761.350
761.550
761.967
762.183
762.383
762.800
763.217
763.633
764.033
764.450
764.867
765.283
765.700
766.100
766.517
766.933
767.350
767.767
768.183
768.583
769.000
769.417
769.833
770.250
770.667
771.067
771.483
771.900
772.317
772.733
773.150
773.550
773.967
774.383
774.800
775.217
775.633
776.033
776.450
776.867
777.283
777.700
778.117
778.517
778.933
779.350
779.767
780.183
780.600
781.000
781.417
781.833
782.250
782.450
782.667
782.867
783.067
783.283
783.483
783.700
783.900
784.117
784.317
784.517
784.733
784.933
785.133
785.350
785.550
785.654
785.759
785.863
785.968
786.072
786.177
786.281
786.386
786.490
786.594
786.699
786.803
786.908
787.012
787.117
790.517
790.933
791.350
791.767
792.183
792.600
793.000
793.417
793.833
794.250
794.667
795.083
795.483
795.900
796.317
796.733
797.167
797.567
797.967
798.383
798.800
799.217
799.633
800.033
800.450
800.667
800.867
801.083
801.283
801.483
801.700
801.900
802.117
802.221
802.325
802.429
802.533
802.637
802.742
802.846
802.950
803.054
803.158
803.262
803.367
803.471
803.575
803.679
803.783
804.183
804.600
805.000
805.417
805.833
806.233
806.650
807.067
807.467
807.883
808.300
808.700
809.117
809.517
809.933
810.333
810.750
811.150
811.550
811.967
812.367
812.767
813.183
813.583
813.983
814.383
814.783
815.183
815.600
816.000
816.400
816.800
817.200
817.600
818.000
818.400
818.800
819.200
819.600
820.000
820.383
820.783
821.183
821.583
821.967
822.367
822.767
823.167
823.550
823.950
824.333
824.733
825.133
825.517
825.917
826.300
826.700
827.083
827.467
827.867
828.250
828.633
829.033
829.417
829.800
830.200
830.583
830.967
831.350
831.733
832.133
832.517
832.900
833.283
833.667
839.233
839.433
839.650
839.850
840.067
840.267
840.483
840.683
840.900
841.100
841.300
841.517
841.717
841.933
842.133
842.333
842.550
842.750
842.967
843.167
843.367
843.583
843.783
844.000
844.200
844.417
844.617
844.817
845.033
845.233
845.450
845.650
845.850
846.067
846.267
846.483
846.683
846.900
847.100
847.300
847.517
847.717
847.933
848.133
848.333
848.550
848.750
848.967
849.167
849.383
849.583
849.783
850.000
850.200
850.417
850.617
850.817
851.033
851.233
851.450
851.650
851.850
852.067
852.267
852.483
870.267
870.500
870.733
870.967
871.200
871.433
871.650
871.883
872.117
872.350
872.583
872.817
873.033
873.267
873.500
873.733
873.967
874.200
874.433
874.650
874.883
875.117
875.350
875.583
875.817
876.050
876.267
876.500
876.733
876.967
877.200
877.433
877.650
877.883
878.117
878.350
878.583
878.817
879.050
879.267
879.500
879.733
879.967
880.200
880.433
880.650
880.883
881.117
881.350
881.583
881.817
882.050
882.267
882.500
882.733
882.967
883.200
883.433
883.650
883.883
884.117
884.350
884.583
884.817
885.050
885.500
885.967
886.433
886.883
887.350
887.817
888.267
888.733
889.200
889.650
890.117
890.583
891.050
891.500
891.967
892.433
892.883
893.350
893.817
894.267
894.733
895.200
895.650
896.117
896.583
897.050
897.500
897.967
898.433
898.883
899.350
899.817
900.267
900.733
901.200
901.667
902.117
902.583
903.050
903.500
903.967
904.433
904.883
905.350
905.817
906.267
906.733
907.200
907.667
908.117
908.583
909.050
909.500
909.967
910.433
910.883
911.350
911.817
912.283
912.733
913.200
913.667
914.117
914.583
914.817
915.050
915.283
915.500
915.733
915.967
916.200
916.433
916.667
916.883
917.117
917.350
917.583
917.817
918.050
918.267
918.500
918.733
918.967
919.200
919.433
919.650
919.883
920.117
920.350
920.583
920.817
921.050
921.283
921.500
921.733
921.967
922.200
922.433
922.667
922.900
923.117
923.350
923.583
923.817
924.050
924.283
924.500
924.733
924.967
925.200
925.433
925.667
925.883
926.117
926.350
926.583
926.817
927.050
927.283
927.500
927.733
927.967
928.200
928.433
928.667
928.900
929.117
929.350
929.583
929.817
930.050
930.283
930.500
930.733
930.967
931.200
931.433
931.667
931.900
932.117
932.350
932.583
932.817
933.050
933.283
933.500
933.733
933.967
934.200
934.433
934.667
934.900
935.117
935.350
935.583
935.817
936.050
936.283
936.500
936.733
936.967
937.200
937.433
937.667
937.900
938.117
938.350
938.583
938.817
939.050
939.283
939.500
939.733
939.967
940.200
940.433
940.550
940.667
940.783
940.900
941.017
941.133
941.233
941.350
941.467
941.583
941.700
941.817
941.933
942.050
942.167
942.283
942.400
942.517
942.617
942.733
942.850
942.967
943.083
944.117
944.350
944.583
945.050
945.283
945.500
945.967
946.200
946.433
946.900
947.117
947.350
947.817
948.050
948.283
948.733
948.967
949.200
949.667
949.900
950.117
950.583
950.817
951.050
951.517
951.733
951.967
952.433
952.667
952.900
953.350
953.583
953.817
954.283
954.517
954.733
955.200
955.433
955.667
956.117
956.350
956.583
957.050
957.283
957.517
957.967
958.200
958.433
958.900
959.350
959.817
960.283
960.733
961.200
961.667
962.133
962.583
963.050
963.517
963.967
964.433
964.900
965.350
965.817
966.283
966.733
967.200
967.667
968.133
968.583
969.050
969.517
969.967
970.433
970.900
971.350
971.817
972.283
972.733
973.200
973.667
974.133
974.583
975.050
975.517
975.967
976.433
976.900
977.350
977.817
978.283
978.733
979.200
979.667
980.133
980.583
981.050
981.283
981.517
981.750
981.967
982.200
982.433
982.667
982.900
983.133
983.350
983.583
983.817
984.050
984.283
984.517
984.750
984.967
985.200
985.433
985.667
985.900
986.133
986.350
986.583
986.817
987.050
987.283
988.433
988.900
989.350
989.817
990.283
990.750
991.200
991.667
992.133
992.583
993.050
993.517
993.967
994.433
994.900
995.350
995.817
996.283
996.733
997.200
997.667
998.117
998.583
999.050
999.517
999.967
1000.433
1000.900
1001.350
1001.817
1002.283
1002.750
1003.200
1004.133
1005.050
1005.967
1006.900
1007.817
1008.750
1009.667
1010.583
1011.517
1012.433
1013.367
1014.283
1015.200
1016.133
1017.050
1017.983
1018.200
1018.433
1018.900
1019.133
1019.367
1019.817
1020.050
1020.283
1020.750
1020.983
1021.200
1021.667
1021.900
1022.133
1022.583
1022.817
1023.050
1023.517
1023.750
1023.967
1024.433
1024.667
1024.900
1025.367
1025.583
1025.817
1026.283
1026.517
1026.750
1027.200
1027.433
1027.667
1028.133
1028.367
1028.600
1029.050
1029.283
1029.517
1029.983
1030.200
1030.433
1030.900
1031.133
1031.367
1031.817
1032.050
1032.283
1036.433
1036.667
1036.900
1037.133
1037.367
1037.600
1037.817
1038.050
1038.283
1038.517
1038.750
1038.983
1039.200
1039.433
1039.667
1039.900
1040.133
1040.367
1040.600
1040.817
1041.050
1041.283
1041.517
1041.750
1041.983
1042.200
1042.433
1042.667
1042.900
1043.133
1043.367
1043.600
1043.817
1044.050
1044.283
1044.517
1044.750
1044.983
1045.217
1045.433
1045.667
1045.900
1046.133
1046.367
1047.517
1047.633
1047.750
1047.867
1047.983
1048.433
1048.667
1048.900
1049.367
1049.483
1049.600
1049.717
1049.833
1050.283
1050.517
1050.750
1051.217
1051.333
1051.433
1051.550
1051.667
1052.133
1052.367
1052.600
1053.050
1053.167
1053.283
1053.400
1053.517
1053.983
1054.217
1054.433
1054.900
1055.017
1055.133
1055.250
1055.367
1055.817
1056.050
1056.283
1056.750
1056.867
1056.983
1057.100
1057.217
1057.667
1057.900
1058.133
1058.600
1058.717
1058.833
1058.950
1059.050
1059.517
1059.750
1059.983
1060.433
1060.550
1060.667
1060.783
1060.900
1061.367
1061.600
1061.817
1062.283
1062.400
1062.517
1062.633
1062.750
1063.217
1063.433
1063.667
1064.133
1064.250
1064.367
1064.483
1064.600
1065.050
1065.283
1065.517
1065.983
1066.100
1066.217
1066.333
1066.433
1066.900
1067.133
1067.367
1067.833
1067.950
1068.050
1068.167
1068.283
1068.750
1068.983
1069.217
1069.667
1069.900
1070.133
1070.367
1070.600
1070.833
1071.050
1071.283
1071.517
1071.750
1071.983
1072.217
1072.433
1072.667
1072.900
1073.133
1073.367
1073.600
1073.833
1074.050
1074.283
1074.517
1074.750
1074.983
1075.217
1075.433
1075.667
1075.900
1077.050
1077.167
1077.283
1077.400
1077.517
1077.983
1078.100
1078.217
1078.333
1078.450
1078.900
1079.017
1079.133
1079.250
1079.367
1079.833
1079.950
1080.050
1080.167
1080.283
1080.750
1080.867
1080.983
1081.100
1081.217
1081.667
1081.783
1081.900
1082.017
1082.133
1082.600
1082.717
1082.833
1082.950
1083.067
1083.517
1083.633
1083.750
1083.867
1083.983
1084.450
1084.567
1084.667
1084.783
1084.900
1085.367
1085.483
1085.600
1085.717
1085.833
1086.283
1086.400
1086.517
1086.633
1086.750
1087.217
1087.333
1087.450
1087.567
1087.667
1088.133
1088.250
1088.367
1088.483
1088.600
1089.067
1089.183
1089.283
1089.400
1089.517
1089.983
1090.100
1090.217
1090.333
1090.450
1090.900
1091.017
1091.133
1091.250
1091.367
1091.833
1091.950
1092.067
1092.167
1092.283
1092.750
1092.867
1092.983
1093.100
1093.217
1093.667
1093.783
1093.900
1094.017
1094.133
1094.600
1094.717
1094.833
1094.950
1095.067
1095.517
1095.633
1095.750
1095.867
1095.983
1096.450
1096.567
1096.667
1096.783
1096.900
1097.367
1097.483
1097.600
1097.717
1097.833
1098.283
1098.400
1098.517
1098.633
1098.750
1099.217
1099.333
1099.450
1099.567
1099.683
1100.133
1100.250
1100.367
1100.483
1100.600
1101.050
1101.167
1101.283
1101.400
1101.517
1101.983
1102.100
1102.217
1102.333
1102.450
1102.900
1103.133
1103.367
1103.600
1103.833
1104.067
1104.283
1104.517
1104.750
1104.983
1105.217
1105.450
1105.683
1105.900
1106.133
1106.367
1106.600
1128.417
1128.900
1129.383
1129.617
1129.867
1130.350
1130.833
1131.317
1131.550
1131.800
1132.283
1132.767
1133.250
1133.500
1133.733
1134.217
1134.700
1135.183
1135.433
1135.667
1136.150
1136.633
1137.117
1137.367
1137.600
1138.083
1138.567
1139.050
1139.300
1139.533
1140.017
1140.500
1141.000
1141.233
1141.483
1141.967
1142.450
1142.933
1143.167
1143.417
1143.900
1144.133
1144.383
1144.617
1144.867
1144.983
1145.100
1145.350
1145.583
1145.833
1146.067
1146.317
1146.550
1146.800
1146.917
1147.033
1147.283
1147.517
1147.767
1148.000
1148.250
1148.483
1148.733
1148.850
1148.967
1149.217
1149.467
1149.700
1149.950
1150.183
1150.433
1150.667
1150.783
1150.917
1151.150
1151.400
1151.633
1151.883
1152.117
1152.367
1152.600
1152.733
1152.850
1153.083
1153.333
1153.567
1153.817
1154.050
1154.300
1154.533
1154.667
1154.783
1155.017
1155.267
1155.500
1155.750
1156.000
1156.233
1156.483
1156.600
1156.717
1156.967
1157.200
1157.450
1157.683
1157.917
1158.167
1158.417
1158.533
1158.650
1158.900
1159.133
1159.383
1159.617
1159.867
1160.100
1160.350
1160.467
1160.583
1160.833
1161.067
1161.317
1161.550
1161.800
1162.033
1162.283
1162.400
1162.517
1162.767
1163.000
1163.250
1163.483
1163.733
1163.967
1164.217
1164.333
1164.467
1164.700
1164.950
1165.183
1165.433
1165.667
1165.917
1166.150
1166.267
1166.400
1166.633
1166.883
1167.117
1167.367
1167.600
1167.850
1168.083
1168.217
1168.333
1168.567
1168.817
1169.050
1169.300
1169.533
1169.783
1170.017
1170.150
1170.267
1170.500
1170.750
1170.983
1171.233
1171.467
1171.717
1171.950
1172.083
1172.200
1172.433
1172.683
1172.917
1173.167
1173.417
1173.650
1173.900
1174.017
1174.133
1174.383
1174.617
1174.867
1175.100
1175.350
1175.583
1175.833
1175.950
1176.067
1176.183
1176.317
1176.550
1176.800
1177.033
1177.283
1177.517
1177.767
1177.883
1178.000
1178.133
1178.250
1178.483
1178.733
1178.967
1179.217
1179.450
1179.700
1179.817
1179.933
1180.067
1180.183
1180.433
1180.667
1180.917
1181.150
1181.400
1181.633
1181.750
1181.867
1182.000
1182.117
1182.367
1182.600
1182.850
1183.083
1183.333
1183.567
1183.683
1183.817
1183.933
1184.050
1184.300
1184.533
1184.783
1185.017
1185.267
1185.500
1185.633
1185.750
1185.867
1185.983
1186.233
1186.467
1186.717
1186.950
1187.200
1187.433
1187.567
1187.683
1187.800
1187.917
1188.167
1188.400
1188.650
1188.900
1189.133
1189.383
1189.500
1189.617
1189.733
1189.867
1190.100
1190.350
1190.583
1190.833
1191.067
1191.317
1191.433
1191.550
1191.667
1191.800
1192.033
1192.283
1192.517
1192.767
1193.000
1193.250
1193.367
1193.483
1193.617
1193.733
1193.967
1194.217
1194.450
1194.700
1194.933
1195.183
1195.300
1195.417
1195.550
1195.667
1195.900
1196.150
1196.383
1196.633
1196.867
1197.117
1197.233
1197.350
1197.483
1197.600
1197.850
1198.083
1198.333
1198.567
1198.817
1199.050
1199.167
1199.300
1199.417
1199.533
1199.783
1200.017
1200.267
1200.500
1200.750
1200.983
1201.117
1201.233
1201.350
1201.467
1201.717
1201.950
1202.200
1202.433
1202.683
1202.917
1203.050
1203.167
1203.283
1203.400
1203.650
1203.883
1204.133
1204.367
1204.617
1204.850
1204.983
1205.100
1205.217
1205.350
1205.583
1205.833
1206.067
1206.800
1206.917
1207.033
1207.150
1207.283
1207.400
1207.517
1207.633
1210.667
1210.783
1210.900
1211.033
1211.150
1211.267
1211.383
1211.517
1214.533
1214.650
1214.783
1214.900
1215.017
1215.133
1215.267
1215.383
1218.400
1218.533
1218.650
1218.767
1218.883
1219.017
1219.133
1219.250
1221.300
1221.783
1222.267
1222.767
1223.250
1223.733
1224.217
1224.700
1225.183
1225.667
1226.150
1226.633
1227.117
1227.600
1228.083
1228.567
1229.050
1229.533
1230.017
1230.500
1230.983
1231.467
1231.950
1232.433
1232.917
1233.400
1233.883
1234.367
1234.850
1235.333
1235.817
1236.300
1236.783
1237.267
1237.767
1238.250
1238.733
1239.217
1239.700
1240.183
1240.667
1241.150
1241.633
1242.117
1242.600
1243.083
1243.567
1244.050
1244.533
1245.017
1245.500
1245.983
1246.467
1246.950
1247.433
1247.917
1248.400
1248.883
1249.367
1249.850
1250.333
1250.583
1250.817
1250.950
1251.300
1251.550
1251.783
1252.033
1252.267
1252.517
1252.750
1252.883
1253.233
1253.483
1253.733
1253.967
1254.217
1254.450
1254.683
1254.817
1255.183
1255.417
1255.667
1255.900
1256.150
1256.383
1256.633
1256.750
1257.117
1257.350
1257.600
1257.833
1258.083
1258.317
1258.567
1258.683
1259.050
1259.283
1259.533
1259.767
1260.017
1260.250
1260.500
1260.617
1260.983
1261.233
1261.467
1261.717
1261.950
1262.200
1262.433
1262.550
1262.917
1263.167
1263.400
1263.650
1263.883
1264.133
1264.367
1264.483
1264.850
1265.100
1265.333
1265.583
1265.817
1266.067
1266.300
1266.417
1266.783
1267.033
1267.267
1267.500
1267.750
1267.983
1268.217
1268.333
1268.683
1268.933
1269.167
1269.400
1269.633
1269.867
1270.100
1270.217
1270.567
1270.800
1271.033
1271.267
1271.483
1271.717
1271.950
1272.067
1272.417
1272.650
1272.867
1273.100
1273.333
1273.567
1273.800
1273.917
1274.250
1274.483
1274.717
1274.950
1275.183
1275.400
1275.633
1275.750
1276.100
1276.333
1276.567
1276.783
1277.017
1277.250
1277.483
1277.600
1277.933
1278.167
1278.400
1278.633
1278.867
1279.100
1279.317
1279.433
1279.783
1280.017
1280.250
1280.467
1280.700
1280.933
1281.167
1281.400
1281.633
1281.850
1282.083
1282.317
1282.550
1282.783
1283.000
1283.233
1283.467
1283.700
1283.933
1284.167
1284.400
1284.617
1284.850
1285.083
1285.317
1285.550
1285.783
1286.017
1286.250
1286.500
1286.733
1286.967
1287.200
1287.450
1287.683
1287.933
1288.167
1288.417
1288.667
1288.900
1289.150
1289.400
1289.650
1289.883
1290.150
1290.400
1290.633
1290.900
1291.133
1291.400
1291.650
1291.900
1292.150
1292.383
1292.650
1292.883
1293.150
1293.400
1293.650
1293.900
1294.133
1294.400
1294.633
1294.900
1295.150
1295.400
1295.650
1295.883
1296.150
1296.383
1296.650
1296.900
1297.150
1297.400
1297.650
1297.900
1298.133
1298.400
1298.650
1298.900
1299.150
1299.400
1299.650
1299.883
1300.150
1300.400
1300.650
1300.900
1301.150
1301.400
1301.633
1301.900
1302.150
1302.400
1302.650
1302.900
1303.150
1303.383
1303.650
1303.900
1304.150
1304.400
1304.650
1304.900
1305.150
1305.400
1305.650
1305.900
1306.150
1306.400
1306.650
1306.883
1307.150
1307.400
1307.650
1307.900
1308.150
1308.400
1308.650
1308.900
1309.150
1309.400
1309.650
1309.900
1310.150
1310.400
1310.650
1310.900
1311.150
1311.400
1311.650
1311.900
1312.150
1312.400
1312.650
1312.900
1313.150
1313.400
1313.650
1313.900
1314.150
1314.400
1314.650
1314.900
1315.150
1315.400
1315.650
1315.900
1316.150
1316.400
1316.650
1316.900
1317.150
1317.400
1317.650
1317.900
1318.150
1318.400
1318.650
1318.900
1319.150
1319.383
1319.650
1319.900
1324.883
1325.217
1325.567
1325.900
1326.250
1326.583
1326.933
1327.267
1327.617
1327.950
1328.300
1328.467
1328.633
1328.800
1328.983
1329.150
1329.317
1329.500
1329.667
1329.833
1330.000
1330.183
1330.350
1330.517
1330.683
1330.867
1331.033
1331.120
1331.207
1331.293
1331.380
1331.467
1331.553
1331.640
1331.727
1331.813
1331.900
1331.987
1332.073
1332.160
1332.247
1332.333
1333.767
1334.100
1334.450
1334.800
1335.133
1335.483
1335.817
1336.167
1336.500
1336.850
1337.183
1337.533
1337.867
1338.217
1338.550
1338.900
1339.233
1339.583
1339.917
1340.267
1340.600
1340.950
1341.283
1341.633
1341.967
1342.317
1342.650
1343.000
1343.333
1343.683
1344.017
1344.367
1344.700
1345.050
1345.383
1345.733
1346.067
1346.417
1346.750
1347.100
1347.433
1347.783
1348.117
1348.467
1348.800
1349.150
1349.483
1349.833
1350.167
1350.517
1350.850
1351.200
1351.533
1351.883
1352.217
1352.567
1352.900
1353.250
1353.583
1353.933
1354.267
1354.617
1354.950
1355.300
1355.633
1356.000
1356.383
1356.583
1356.783
1356.983
1357.183
1357.583
1357.967
1358.167
1358.367
1358.567
1358.767
1359.167
1359.550
1359.750
1359.950
1360.150
1360.333
1360.733
1361.133
1361.333
1361.533
1361.733
1361.933
1362.317
1362.717
1362.917
1363.117
1363.317
1363.500
1363.900
1364.300
1364.500
1364.700
1364.883
1365.083
1365.483
1365.883
1366.083
1366.267
1366.467
1366.667
1367.067
1367.467
1367.650
1367.850
1368.050
1368.250
1368.650
1369.033
1369.233
1369.433
1369.633
1369.833
1370.233
1370.617
1370.817
1371.017
1371.217
1371.417
1371.800
1372.200
1372.400
1372.600
1372.800
1373.000
1373.383
1373.783
1373.983
1374.183
1374.383
1374.583
1374.967
1375.367
1375.567
1375.767
1375.967
1376.150
1376.550
1376.950
1377.150
1377.350
1377.533
1377.733
1378.133
1378.533
1378.733
1378.917
1379.117
1379.317
1379.717
1380.117
1380.300
1380.500
1380.700
1380.900
1396.033
1396.500
1396.733
1396.967
1397.417
1397.883
1398.350
1398.583
1398.800
1399.267
1399.733
1400.183
1400.417
1400.650
1401.117
1401.583
1402.033
1402.267
1402.500
1402.967
1403.417
1403.883
1404.117
1404.350
1404.800
1405.267
1405.733
1405.967
1406.200
1406.650
1407.117
1407.583
1407.800
1408.033
1408.500
1408.967
1409.417
1409.650
1409.883
1410.350
1410.800
1411.267
1411.500
1411.733
1412.200
1412.650
1413.117
1413.350
1413.583
1414.033
1414.500
1414.967
1415.200
1415.417
1415.883
1416.350
1416.800
1417.033
1417.267
1417.733
1418.200
1418.650
1418.883
1419.117
1419.583
1420.033
1420.500
1420.733
1420.967
1421.417
1421.883
1422.350
1422.583
1422.800
1423.267
1425.583
1425.800
1426.033
1426.500
1426.733
1426.967
1427.417
1427.650
1427.883
1428.350
1428.583
1428.800
1429.267
1429.500
1429.733
1430.200
1430.417
1430.650
1431.117
1431.350
1431.583
1432.033
1432.267
1432.500
1432.967
1433.200
1433.417
1433.883
1434.117
1434.350
1434.800
1435.033
1435.267
1435.733
1435.967
1436.200
1436.650
1436.883
1437.117
1437.583
1437.800
1438.033
1438.500
1438.733
1438.967
1439.417
1439.650
1439.883
1440.350
1440.583
1440.800
1441.267
1441.500
1441.733
1442.183
1442.417
1442.650
1443.117
1443.350
1443.567
1444.033
1444.267
1444.500
1444.967
1445.183
1445.417
1445.883
1446.117
1446.350
1446.800
1447.033
1447.267
1447.733
1447.967
1448.200
1448.650
1448.883
1449.117
1449.583
1449.800
1450.033
1450.500
1450.733
1450.967
1451.417
1451.650
1451.883
1452.350
1452.583
1452.800
1455.117
1455.583
1456.033
1456.500
1456.967
1457.417
1457.883
1458.350
1458.800
1459.267
1459.733
1460.200
1460.650
1461.117
1461.583
1462.033
1462.500
1462.967
1463.417
1463.883
1464.350
1464.800
1465.267
1465.733
1466.200
1466.650
1467.117
1467.583
1468.033
1468.500
1468.967
1469.417
1469.883
1470.350
1470.800
1471.267
1471.733
1472.200
1472.650
1473.117
1473.583
1473.800
1474.033
1474.267
1474.500
1474.733
1474.967
1475.200
1475.417
1475.650
1475.883
1476.117
1476.350
1476.583
1476.800
1477.033
1477.267
1477.500
1477.733
1477.967
1478.200
1478.417
1478.650
1478.883
1479.117
1479.233
1479.350
1479.467
1479.583
1479.700
1479.817
1479.917
1480.033
1480.150
1480.267
1480.383
1480.500
1480.617
1480.733
1480.850
1480.967
1481.083
1481.200
1481.317
1481.417
1481.533
1481.650
1481.767
1481.883
1482.000
1482.117
1482.233
1482.350
1482.467
1482.583
1482.700
1482.817
1482.917
1483.033
1483.150
1483.267
1483.383
1483.500
1483.617
1483.733
1483.850
1483.967
1484.083
1484.200
1484.317
1484.417
1484.533
1484.650
1485.117
1485.583
1486.033
1486.500
1486.967
1487.417
1487.883
1488.350
1488.800
1489.267
1489.733
1490.183
1490.650
1491.117
1491.583
1492.033
1492.500
1492.967
1493.417
1493.883
1494.350
1494.800
1495.267
1495.733
1496.183
1496.650
1497.117
1497.583
1498.033
1498.500
1498.967
1499.417
1499.883
1500.350
1500.800
1501.267
1501.733
1502.200
1502.650
1503.117
1503.583
1504.033
1504.500
1504.967
1505.200
1505.417
1505.650
1505.883
1506.117
1506.350
1506.583
1506.800
1507.033
1507.267
1507.500
1507.733
1507.967
1508.200
1508.417
1508.650
1508.883
1509.117
1509.350
1509.583
1509.800
1510.033
1510.267
1510.500
1510.617
1510.733
1510.850
1510.967
1511.083
1511.200
1511.317
1511.417
1511.533
1511.650
1511.767
1511.883
1512.000
1512.117
1512.233
1512.350
1512.467
1512.583
1512.700
1512.800
1512.917
1513.033
1513.150
1513.267
1513.383
1513.500
1513.617
1513.733
1513.850
1513.967
1514.083
1514.200
1515.117
1516.033
1516.950
1517.867
1518.783
1519.700
1520.617
1521.517
1522.433
1523.333
1524.233
1525.133
1526.033
1526.917
1527.817
1528.700
1529.600
1530.483
1531.367
1532.250
1533.133
1534.017
1534.883
1535.767
1536.633
1537.500
1538.367
1539.233
1540.100
1540.967
1541.817
1542.683
1542.917
1543.150
1543.367
1543.600
1543.833
1544.067
1544.533
1544.750
1544.983
1545.217
1545.450
1545.683
1545.917
1546.367
1546.600
1546.833
1547.067
1547.300
1547.533
1547.750
1548.217
1548.450
1548.683
1548.917
1549.133
1549.367
1549.600
1550.067
1550.300
1550.517
1550.750
1550.983
1551.217
1551.450
1551.900
1552.133
1552.367
1552.600
1552.833
1553.067
1553.300
1553.750
1553.983
1554.217
1554.450
1554.683
1554.917
1555.133
1555.600
1555.833
1556.067
1556.300
1556.517
1556.750
1556.983
1557.450
1557.683
1557.917
1558.133
1558.367
1558.600
1558.833
1559.300
1559.533
1559.750
1559.983
1560.217
1560.450
1560.683
1561.150
1561.367
1561.600
1561.833
1562.067
1562.300
1562.533
1562.983
1563.217
1563.450
1563.667
1563.883
1564.117
1564.333
1564.800
1565.033
1565.267
1565.500
1565.717
1565.950
1566.183
1566.417
1566.650
1566.767
1566.883
1567.000
1567.117
1567.233
1567.333
1567.450
1567.567
1567.683
1567.800
1567.917
1568.033
1568.150
1568.267
1568.383
1568.500
1568.617
1568.717
1568.833
1568.950
1569.067
1569.183
1569.300
1569.417
1569.533
1569.650
1569.767
1569.883
1570.000
1570.117
1570.217
1570.333
1570.450
1570.567
1570.683
1570.800
1570.917
1571.033
1571.150
1571.267
1571.383
1571.500
1571.617
1571.717
1571.833
1571.950
1572.067
1572.183
1572.650
1572.883
1573.100
1573.567
1573.800
1574.033
1574.500
1574.717
1574.950
1575.417
1575.650
1575.883
1576.333
1576.567
1576.800
1577.267
1577.500
1577.717
1578.183
1578.417
1578.650
1579.100
1579.333
1579.567
1580.033
1580.267
1580.500
1580.950
1581.183
1581.417
1581.883
1582.117
1582.333
1582.800
1583.033
1583.267
1583.717
1583.950
1584.183
1584.650
1584.883
1585.117
1585.567
1585.800
1586.033
1586.500
1586.717
1586.950
1587.067
1587.183
1587.300
1587.417
1587.533
1587.650
1587.767
1587.883
1588.000
1588.117
1588.233
1588.333
1588.800
1588.917
1589.033
1589.150
1589.267
1589.383
1589.500
1589.617
1589.733
1589.833
1589.950
1590.067
1590.183
1590.650
1590.767
1590.883
1591.000
1591.117
1591.233
1591.333
1591.450
1591.567
1591.683
1591.800
1591.917
1592.033
1592.500
1592.617
1592.733
1592.833
1592.950
1593.067
1593.183
1593.300
1593.417
1593.533
1593.650
1593.767
1593.883
1594.333
1594.450
1594.567
1594.683
1594.800
1594.917
1595.033
1595.150
1595.267
1595.383
1595.500
1595.617
1595.717
1596.183
1596.300
1596.417
1596.533
1596.650
1596.767
1596.883
1597.000
1597.117
1597.217
1597.333
1597.450
1597.567
1597.683
1597.800
1597.917
1598.033
1598.150
1598.267
1598.383
1598.500
1598.600
1598.717
1598.833
1598.950
1599.067
1599.183
1599.300
1599.417
1599.533
1599.650
1599.767
1599.883
1601.717
1602.067
1602.183
1602.650
1603.000
1603.117
1603.567
1603.917
1604.033
1604.483
1604.833
1604.950
1605.417
1605.767
1605.883
1606.333
1606.683
1606.800
1607.267
1607.617
1607.733
1608.183
1608.533
1608.650
1609.117
1609.450
1609.567
1610.033
1610.383
1610.500
1610.950
1611.300
1611.417
1611.883
1612.217
1612.333
1612.800
1613.150
1613.267
1613.717
1614.067
1614.183
1614.650
1615.000
1615.117
1615.567
1615.917
1616.033
1616.500
1616.833
1616.950
1617.417
1617.767
1617.883
1618.333
1618.683
1618.800
1619.267
1619.600
1619.717
1620.183
1620.533
1620.650
1621.100
1621.450
1621.567
1622.033
1622.383
1622.500
1622.950
1623.300
1623.417
1623.883
1624.217
1624.333
1624.800
1625.150
1625.267
1625.717
1626.067
1626.183
1626.650
1626.983
1627.100
1627.567
1627.917
1628.033
1628.500
1628.833
1628.950
1629.417
1629.767
1629.883
1630.333
1630.683
1630.800
1631.267
1631.500
1631.717
1632.183
1632.417
1632.650
1633.117
1633.333
1633.567
1634.033
1634.267
1634.500
1634.950
1635.183
1635.417
1635.883
1636.117
1636.333
1636.800
1637.033
1637.267
1637.717
1637.950
1638.183
1638.650
1638.883
1639.117
1639.567
1639.800
1640.033
1640.500
1640.717
1640.950
1641.417
1641.650
1641.883
1642.333
1642.567
1642.800
1643.267
1643.500
1643.717
1644.183
1644.417
1644.650
1645.100
1645.333
1645.567
1646.033
1646.267
1646.483
1646.950
1647.183
1647.417
1647.883
1648.100
1648.333
1648.800
1649.033
1649.267
1649.717
1649.950
1650.183
1650.650
1650.883
1651.100
1651.567
1651.800
1652.033
1652.483
1652.717
1652.950
1653.417
1653.650
1653.883
1654.333
1654.567
1654.800
1655.267
1655.500
1655.717
1655.950
1656.183
1656.417
1656.650
1656.883
1657.117
1657.233
1657.333
1657.450
1657.567
1657.683
1657.800
1657.917
1658.033
1658.150
1658.267
1658.383
1658.500
1658.617
1658.733
1658.833
1658.950
1659.067
1659.183
1659.300
1659.417
1659.533
1659.650
1659.767
1659.883
1660.000
1660.117
1660.233
1660.333
1660.450
1660.567
1660.683
1660.800
1661.267
1661.717
1662.183
1662.650
1663.117
1663.567
1664.033
1664.500
1664.950
1665.417
1665.883
1666.333
1666.800
1667.267
1667.717
1668.183
1668.650
1669.100
1669.567
1670.033
1670.500
1670.950
1671.417
1671.883
1672.333
1672.800
1673.267
1673.717
1674.183
1674.650
1675.100
1675.567
1676.033
1676.500
1676.950
1677.417
1677.883
1678.333
1678.800
1679.267
1679.717
1680.183
1680.650
1681.117
1681.333
1681.567
1681.800
1682.033
1682.267
1682.500
1682.717
1682.950
1683.183
1683.417
1683.650
1683.883
1684.117
1684.333
1684.567
1684.800
1685.033
1685.267
1685.500
1685.717
1685.950
1686.183
1686.417
1686.650
1686.883
1687.117
1687.333
1687.567
1687.800
1688.033
1688.267
1688.500
1688.617
1688.733
1688.833
1688.950
1689.067
1689.183
1689.300
1689.417
1689.533
1689.650
1689.767
1689.883
1690.000
1690.117
1690.217
1690.333
1690.683
1690.800
1691.267
1691.600
1691.717
1692.183
1692.533
1692.650
1693.100
1693.450
1693.567
1694.033
1694.383
1694.500
1694.950
1695.300
1695.417
1695.867
1696.217
1696.333
1696.800
1697.150
1697.267
1697.717
1698.067
1698.183
1698.650
1699.000
1699.117
1699.567
1699.917
1700.033
1700.483
1700.833
1700.950
1701.417
1701.767
1701.883
1702.333
1702.683
1702.800
1703.267
1703.617
1703.733
1704.183
1704.533
1704.650
1705.100
1705.450
1705.567
1706.033
1706.383
1706.500
1706.950
1707.183
1707.417
1707.650
1707.883
1708.117
1708.333
1708.567
1708.800
1709.033
1709.267
1709.500
1709.717
1709.950
1710.183
1710.417
1710.650
1710.883
1711.117
1711.333
1711.567
1711.800
1712.033
1712.267
1712.500
1712.717
1712.950
1713.183
1713.417
1713.650
1713.883
1714.100
1714.333
1714.450
1714.567
1714.683
1714.800
1714.917
1715.033
1715.150
1715.267
1715.383
1715.500
1715.617
1715.717
1715.833
1715.950
1716.067
1716.183
1716.300
1716.417
1716.533
1716.650
1716.767
1716.883
1717.000
1717.117
1717.217
1717.333
1717.450
1717.567
1717.683
1717.800
1717.917
1718.033
1718.150
1718.267
1718.383
1718.500
1718.617
1718.717
1718.833
1718.950
1719.067
1719.183
1719.300
1719.417
1719.533
1719.650
1719.767
1719.883
1759.767
1760.117
1760.450
1760.800
1761.133
1761.483
1761.817
1762.167
1762.517
1762.850
1763.200
1763.533
1763.883
1764.217
1764.567
1764.917
1765.250
1765.600
1765.933
1766.283
1766.617
1766.967
1767.300
1767.650
1768.000
1768.333
1768.683
1769.017
1769.367
1769.700
1770.050
1770.400
1770.733
1771.083
1771.417
1771.767
1772.100
1772.450
1772.800
1773.133
1773.483
1773.817
1774.167
1774.500
1774.850
1775.183
1775.533
1775.883
1776.217
1776.383
1776.567
1776.733
1776.900
1777.083
1777.250
1777.417
1777.583
1777.767
1777.933
1778.100
1778.283
1778.450
1778.617
1778.703
1778.790
1778.876
1778.963
1779.049
1779.136
1779.222
1779.309
1779.395
1779.482
1779.568
1779.655
1779.741
1779.828
1779.914
1780.001
1780.087
1780.174
1780.260
1780.347
1780.433
1781.700
1782.050
1782.383
1782.733
1783.067
1783.417
1783.767
1784.100
1784.450
1784.783
1785.133
1785.467
1785.817
1786.167
1786.500
1786.850
1787.183
1787.533
1787.867
1788.217
1788.550
1788.900
1789.250
1789.583
1789.933
1790.267
1790.617
1790.950
1791.300
1792.667
1793.017
1793.350
1793.700
1794.033
1794.383
1794.733
1795.067
1795.417
1795.750
1796.100
1796.433
1796.783
1797.133
1797.467
1797.817
1798.150
1798.333
1798.500
1798.667
1798.833
1799.017
1799.183
1799.350
1799.533
1799.700
1799.867
1800.033
1800.217
1800.383
1800.470
1800.556
1800.642
1800.729
1800.815
1800.902
1800.988
1801.074
1801.161
1801.247
1801.333
1801.420
1801.506
1801.592
1801.679
1801.765
1801.852
1801.938
1802.024
1802.111
1802.197
1802.283
1803.633
1803.817
1803.983
1804.150
1804.317
1804.500
1804.667
1804.833
1805.017
1805.183
1805.350
1805.517
1805.700
1805.867
1806.033
1806.217
1806.383
1806.550
1806.717
1806.900
1807.067
1807.233
1807.400
1807.583
1807.750
1807.917
1808.100
1808.267
1808.433
1808.600
1808.783
1808.950
1809.117
1809.300
1809.467
1809.633
1809.800
1809.983
1810.150
1810.317
1810.500
1810.667
1810.833
1811.000
1811.183
1811.350
1811.517
1811.700
1811.867
1812.033
1812.200
1812.383
1812.550
1812.717
1812.900
1813.067
1813.233
1813.400
1813.583
1813.750
1813.917
1814.100
1814.267
1814.433
1814.600
1814.783
1814.950
1815.117
1815.283
1815.467
1815.633
1815.800
1815.983
1816.150
1816.317
1816.483
1816.667
1816.833
1817.000
1817.183
1817.350
1817.517
1817.683
1817.867
1818.033
1818.200
1818.383
1818.550
1818.717
1818.883
1819.067
1819.233
1819.400
1819.567
1819.750
1819.917
1820.083
1820.267
1820.433
1820.600
1820.783
1820.950
1821.117
1821.283
1821.467
1821.633
1821.800
1821.967
1822.150
1822.317
1822.483
1822.667
1822.833
1823.000
1823.167
1823.350
1823.517
1823.683
1823.850
1824.033
1825.567
1825.917
1826.250
1826.600
1826.767
1826.950
1827.283
1827.633
1827.967
1828.133
1828.317
1828.650
1829.000
1829.350
1829.517
1829.683
1830.033
1830.367
1830.717
1830.883
1831.050
1831.233
1831.400
1831.567
1831.750
1831.917
1832.083
1832.250
1832.433
1832.600
1832.767
1832.950
1833.117
1833.283
1833.370
1833.456
1833.542
1833.629
1833.715
1833.802
1833.888
1833.974
1834.061
1834.147
1834.233
1834.320
1834.406
1834.492
1834.579
1834.665
1834.752
1834.838
1834.924
1835.011
1835.097
1835.183
1835.850
1836.200
1836.533
1836.883
1837.233
1837.567
1837.917
1838.250
1838.600
1838.933
1839.283
1839.633
1839.967
1840.317
1840.650
1841.000
1841.333
1841.683
1842.033
1842.367
1842.717
1843.050
1843.400
1843.733
1844.083
1844.417
1844.767
1845.117
1845.450
1846.817
1847.167
1847.517
1847.850
1848.200
1848.533
1848.883
1849.217
1849.567
1849.900
1850.250
1850.600
1850.933
1851.283
1851.617
1851.967
1852.300
1852.650
1853.000
1853.333
1853.683
1854.017
1854.367
1854.700
1855.050
1855.400
1855.733
1856.067
1856.417
1857.783
1857.967
1858.133
1858.300
1858.483
1858.650
1858.817
1858.983
1859.167
1859.333
1859.500
1859.683
1859.850
1860.017
1860.183
1860.367
1860.533
1860.700
1860.883
1861.050
1861.217
1861.383
1861.567
1861.733
1861.900
1862.083
1862.250
1862.417
1862.583
1862.750
1862.933
1863.100
1863.283
1863.450
1863.617
1863.783
1863.967
1864.133
1864.300
1864.467
1864.650
1864.817
1864.983
1865.167
1865.333
1865.500
1865.667
1865.850
1866.017
1866.183
1866.367
1866.533
1866.700
1866.867
1867.050
1867.217
1867.383
1867.567
1867.733
1867.900
1868.067
1868.250
1868.417
1868.583
1868.767
1868.933
1869.100
1869.450
1869.617
1869.783
1870.133
1870.300
1870.467
1870.817
1870.983
1871.167
1871.500
1871.667
1871.850
1872.183
1872.350
1872.533
1872.867
1873.050
1873.217
1873.550
1873.733
1873.900
1874.250
1874.417
1874.583
1874.933
1875.100
1875.267
1875.617
1875.783
1875.950
1876.300
1876.467
1876.650
1876.983
1877.150
1877.333
1877.667
1877.850
1878.017
1879.733
1880.067
1880.417
1880.750
1881.100
1881.433
1881.783
1882.117
1882.300
1882.467
1882.817
1883.150
1883.500
1883.833
1884.183
1884.517
1884.867
1885.033
1885.217
1885.383
1885.550
1885.717
1885.900
1886.067
1886.233
1886.400
1886.583
1886.750
1886.917
1887.100
1887.267
1887.433
1887.617
1887.783
1887.950
1888.036
1888.123
1888.209
1888.296
1888.382
1888.469
1888.555
1888.642
1888.728
1888.815
1888.901
1888.987
1889.074
1889.160
1889.247
1889.333
1890.700
1890.867
1891.033
1891.200
1891.383
1891.550
1891.717
1891.900
1892.067
1892.233
1892.400
1892.583
1892.750
1892.917
1893.100
1893.267
1893.433
1893.600
1893.783
1893.950
1894.117
1894.300
1894.467
1894.633
1894.800
1894.983
1895.150
1895.317
1895.500
1895.667
1895.833
1896.000
1896.183
1896.350
1896.517
1896.700
1896.867
1897.033
1897.200
1897.383
1897.550
1897.717
1897.900
1898.067
1898.233
1898.400
1898.583
1898.750
1898.917
1899.083
1899.267
1899.433
1899.600
1899.783
1899.950
1900.117
1900.283
1901.667
1901.833
1902.000
1902.183
1902.350
1902.517
1902.683
1902.867
1903.033
1903.200
1903.383
1903.550
1903.717
1903.883
1904.067
1904.233
1904.400
1904.583
1904.750
1904.917
1905.083
1905.267
1905.433
1905.600
1905.767
1905.950
1906.117
1906.283
1906.467
1906.633
1906.800
1906.967
1907.150
1907.317
1907.483
1907.667
1907.833
1908.000
1908.167
1908.350
1908.517
1908.683
1908.867
1909.033
1909.200
1909.367
1909.550
1909.717
1909.883
1910.067
1910.233
1910.400
1910.567
1910.750
1910.917
1911.083
1913.000
1913.333
1913.683
1914.017
1914.367
1914.700
1915.050
1915.383
1915.733
1916.083
1916.417
1916.767
1917.100
1917.450
1917.783
1918.133
1918.483
1918.817
1919.167
1919.500
1919.850
1920.183
1920.533
1920.883
1921.217
1921.567
1921.900
1922.250
1923.633
1923.983
1924.333
1924.667
1925.017
1925.350
1925.700
1926.033
1926.383
1926.733
1927.067
1927.417
1927.750
1928.100
1928.433
1928.783
1929.117
1929.300
1929.467
1929.633
1929.817
1929.983
1930.150
1930.317
1930.500
1930.667
1930.833
1931.017
1931.183
1931.350
1931.517
1931.700
1931.867
1931.953
1932.040
1932.126
1932.212
1932.299
1932.385
1932.472
1932.558
1932.645
1932.731
1932.818
1932.904
1932.991
1933.077
1933.164
1933.250
1934.600
1934.783
1934.950
1935.117
1935.300
1935.467
1935.633
1935.800
1935.983
1936.150
1936.317
1936.500
1936.667
1936.833
1937.000
1937.183
1937.350
1937.517
1937.700
1937.867
1938.033
1938.200
1938.383
1938.550
1938.717
1938.900
1939.067
1939.233
1939.400
1939.583
1939.750
1939.917
1940.083
1940.267
1940.433
1940.600
1940.783
1940.950
1941.117
1941.283
1941.467
1941.633
1941.800
1941.983
1942.150
1942.317
1942.483
1942.667
1942.833
1943.000
1943.183
1943.350
1943.517
1943.683
1943.867
1944.033
1944.200
1944.367
1945.617
1945.783
1945.967
1946.300
1946.467
1946.650
1946.983
1947.167
1947.333
1947.667
1947.850
1948.017
1948.367
1948.533
1948.700
1949.050
1949.217
1949.383
1949.733
1949.900
1950.067
1950.417
1950.583
1950.767
1951.100
1951.267
1951.450
1951.617
1951.783
1951.967
1952.133
1952.300
1952.467
1952.650
1952.817
1952.983
1953.150
1953.333
1953.500
1953.667
1953.850
1953.936
1954.023
1954.109
1954.196
1954.282
1954.369
1954.455
1954.542
1954.628
1954.715
1954.801
1954.887
1954.974
1955.060
1955.147
1955.233
