331.081
331.414
331.790
332.123
332.499
332.832
333.208
333.542
333.917
334.251
334.584
334.960
335.293
335.669
336.002
336.378
336.711
337.087
337.420
337.796
338.129
338.505
338.838
339.214
339.548
339.881
340.257
340.590
340.966
341.299
341.675
342.008
342.384
342.717
343.093
343.426
343.760
344.135
344.511
344.844
345.178
345.554
345.887
346.263
346.596
346.972
347.305
347.681
348.014
348.348
348.723
349.057
349.432
349.766
350.141
350.475
350.850
351.184
351.560
351.893
352.269
352.602
352.978
353.311
353.687
353.862
354.038
354.213
354.389
354.565
354.740
354.916
355.091
355.267
355.442
355.618
355.794
355.969
356.145
356.320
356.496
356.672
356.847
357.023
357.198
357.374
357.549
357.725
357.901
358.076
358.252
358.427
358.603
358.778
358.954
359.130
359.305
359.481
359.656
359.832
360.007
360.183
360.359
360.534
360.710
360.885
361.061
361.237
361.412
361.588
361.763
361.939
362.114
362.290
362.466
362.641
362.817
362.992
363.168
363.343
363.519
363.695
363.870
364.046
364.221
364.397
364.573
364.990
366.741
368.535
370.287
372.038
373.832
375.584
377.335
379.129
380.880
382.632
384.426
386.177
387.554
387.679
388.096
388.430
389.514
389.681
389.848
390.015
390.390
390.890
391.224
391.391
391.975
392.183
392.350
392.517
392.684
392.851
393.184
393.351
393.727
394.102
395.145
395.312
395.478
395.687
396.021
396.563
396.896
397.022
397.606
397.772
397.981
398.148
398.315
398.481
398.648
398.815
398.982
399.357
399.733
400.817
400.984
401.151
401.318
401.651
402.193
402.527
402.694
403.278
403.486
403.653
403.820
403.987
404.154
404.487
404.613
405.030
405.363
406.448
406.615
406.781
406.948
407.324
407.824
408.199
408.325
408.908
409.075
409.242
409.451
409.618
409.784
409.951
410.160
410.327
410.493
410.869
411.036
411.202
411.536
411.745
411.911
412.245
412.454
412.621
412.954
413.163
413.330
413.663
413.830
414.039
414.372
414.539
414.748
415.081
415.248
415.457
415.790
415.957
416.124
416.499
416.666
416.833
417.208
417.375
417.542
417.917
418.084
418.251
421.421
421.546
421.963
422.297
423.381
423.548
423.715
423.882
424.257
424.799
425.133
425.258
425.842
426.051
426.217
426.384
426.551
426.718
427.052
427.218
427.594
427.969
429.054
429.220
429.387
429.554
429.888
430.430
430.764
430.930
431.514
431.691
431.868
432.045
432.222
432.398
432.575
432.752
432.929
433.266
433.600
434.684
434.851
435.018
435.185
435.560
436.061
436.436
436.561
437.145
437.354
437.520
437.687
437.854
438.021
438.355
438.521
438.897
439.272
440.315
440.496
440.676
440.857
441.191
441.733
442.067
442.192
442.776
442.984
443.151
443.318
443.485
443.652
443.818
446.154
447.572
448.948
450.367
451.743
453.119
454.537
466.257
466.424
466.633
466.966
467.133
467.342
467.676
467.842
468.009
468.385
468.551
468.718
469.094
469.260
469.427
469.803
469.969
470.136
470.512
470.679
470.845
471.179
471.388
471.554
471.888
472.055
472.263
472.597
472.806
472.972
473.306
473.473
473.682
474.015
474.182
474.391
474.724
474.891
475.058
475.433
475.600
475.767
476.142
476.309
476.476
476.851
477.018
477.185
477.894
478.019
478.436
478.812
479.854
480.021
480.188
480.397
480.730
481.272
481.606
481.731
482.315
482.524
482.691
482.857
483.024
483.191
483.525
483.692
484.067
484.442
485.485
485.694
485.860
486.027
486.361
486.903
487.237
487.404
487.946
488.118
488.290
488.462
488.634
488.806
488.978
489.150
489.322
489.739
490.073
491.157
491.324
491.491
491.658
492.033
492.534
492.909
493.034
493.660
493.827
493.993
494.160
494.369
494.536
494.828
494.953
495.370
495.745
496.788
496.955
497.163
497.330
497.664
498.206
498.540
498.707
499.249
499.416
499.624
499.791
499.958
500.125
500.291
500.500
500.667
500.834
501.209
501.376
501.584
501.918
502.085
502.252
502.627
502.794
502.961
503.336
503.503
503.670
504.045
504.212
504.379
504.754
504.921
505.088
505.422
505.630
505.797
506.131
506.297
506.506
506.840
507.006
507.215
507.549
507.716
507.924
508.258
508.425
508.591
511.761
511.928
512.303
512.679
513.763
513.930
514.097
514.264
514.597
515.140
515.473
515.640
516.182
516.391
516.558
516.725
516.891
517.058
517.434
517.559
517.976
518.309
519.394
519.561
519.728
519.894
520.270
520.812
521.146
521.271
521.855
522.021
522.188
522.397
522.564
522.731
522.897
523.064
523.231
523.606
523.982
525.024
525.191
525.400
525.567
525.900
526.443
526.776
526.901
527.527
527.694
527.861
528.027
528.236
528.403
528.737
528.862
529.279
529.612
530.697
530.864
531.030
531.197
531.573
532.073
532.449
532.574
533.158
533.324
533.491
533.658
533.867
534.033
534.200
534.409
534.576
534.743
535.118
535.285
535.452
535.785
535.994
536.161
536.494
536.703
536.870
537.203
537.412
537.579
537.912
538.079
538.288
538.621
538.788
538.997
539.330
539.497
539.664
540.039
540.206
540.373
540.749
540.915
541.082
541.458
541.624
541.791
542.167
542.333
542.500
542.876
543.042
543.209
543.543
543.752
543.918
544.252
545.295
545.670
546.004
546.379
546.713
547.088
547.422
547.797
548.131
548.506
548.840
549.174
549.549
549.883
550.258
550.592
550.967
551.301
551.676
552.010
552.385
552.719
553.094
553.428
553.803
554.137
554.512
554.846
555.180
555.555
555.889
556.264
556.598
556.973
557.149
557.325
557.500
557.676
557.852
558.028
558.203
558.379
558.555
558.731
558.907
559.082
559.258
559.434
559.610
559.785
559.961
560.137
560.313
560.488
560.664
560.840
561.016
561.192
561.367
561.543
561.719
561.895
562.070
562.246
562.422
562.598
562.774
562.949
563.125
563.301
563.477
563.652
563.828
564.004
564.180
564.355
564.531
564.707
564.883
565.059
565.234
565.410
565.586
565.762
565.937
566.113
566.289
566.465
566.640
566.816
567.901
568.276
644.269
644.727
645.228
645.728
646.187
646.688
647.146
647.647
648.147
648.648
649.107
649.607
650.066
650.567
651.025
651.526
652.026
652.527
652.986
653.486
653.945
654.445
654.946
655.446
655.905
656.406
656.865
657.365
659.742
660.201
660.702
660.952
661.160
661.661
662.120
662.620
662.871
663.079
663.580
664.080
664.539
664.789
665.039
665.498
665.999
666.457
666.708
666.958
667.417
667.917
668.418
668.626
668.877
669.335
669.836
670.295
670.545
670.795
671.296
671.754
672.255
672.463
672.714
675.133
675.633
676.092
676.342
676.593
677.051
677.510
678.011
678.261
678.511
678.970
679.470
679.929
680.179
680.430
680.930
681.389
681.848
682.098
682.348
682.849
683.308
683.808
684.017
684.267
684.767
685.226
685.727
685.977
686.185
686.686
687.145
690.690
691.190
691.649
691.900
692.150
692.609
693.109
693.568
693.818
694.068
694.527
695.028
695.528
695.737
695.987
696.446
696.946
697.447
697.655
697.906
698.406
698.865
699.365
699.616
699.824
700.325
700.783
701.284
701.534
701.784
702.243
702.744
703.202
703.453
703.703
706.080
706.581
707.040
707.290
707.540
708.041
708.499
709.000
709.208
709.459
709.959
710.418
710.919
711.127
711.377
711.878
712.337
712.837
713.087
713.296
713.796
714.297
714.756
715.006
715.256
715.715
716.215
716.674
716.925
717.175
717.634
718.134
718.593
718.843
719.093
719.594
722.472
722.722
722.931
723.181
723.431
723.681
723.932
724.390
724.641
724.849
725.099
725.350
725.600
725.850
726.309
726.559
726.768
727.018
727.268
727.477
727.727
728.227
728.478
728.686
728.937
729.187
729.395
729.646
730.146
730.396
730.605
730.855
731.105
731.314
731.564
732.065
732.315
732.523
732.774
733.024
733.232
733.483
733.983
734.233
734.442
734.692
734.943
735.151
735.401
735.902
736.152
736.361
736.611
736.861
737.111
737.320
737.820
738.029
738.279
738.529
738.780
738.988
739.238
739.739
739.948
740.198
740.448
740.698
740.949
741.157
741.658
741.866
742.116
742.367
742.617
742.825
743.076
743.576
743.785
744.035
744.285
744.494
744.744
744.994
745.495
745.703
745.954
746.204
746.412
746.663
746.913
747.413
747.622
747.872
748.122
748.331
748.581
748.831
749.332
749.540
749.791
750.041
750.249
750.500
750.750
751.250
751.459
751.709
751.960
752.210
752.418
752.669
753.127
753.378
753.628
753.878
754.128
754.337
754.587
755.046
755.296
755.546
755.797
756.047
756.255
756.506
756.965
757.215
757.465
757.674
757.966
758.174
758.424
758.883
759.133
759.384
759.592
759.884
760.093
760.343
760.802
761.052
761.302
761.511
761.761
762.011
762.261
762.720
762.971
763.221
763.429
763.680
763.930
764.180
764.639
764.889
765.139
765.348
765.598
765.848
766.099
766.557
766.808
767.058
767.266
767.517
767.767
768.017
768.476
768.726
768.977
769.185
769.435
769.686
769.936
770.395
770.645
770.895
771.104
771.354
771.604
771.854
772.313
772.563
772.814
773.022
773.272
773.523
773.773
774.232
774.482
774.732
774.941
775.191
775.441
775.692
776.150
776.401
776.651
776.859
777.110
777.360
777.610
780.196
780.697
781.197
781.656
782.156
782.615
783.116
783.616
784.075
784.575
785.076
785.535
786.035
786.494
786.995
787.495
787.954
788.454
788.955
789.414
789.914
790.415
790.873
791.374
791.874
792.333
792.834
793.334
793.793
794.711
794.961
795.712
795.962
796.671
796.921
797.630
797.880
798.589
798.840
799.590
799.799
800.550
800.800
801.509
801.759
802.468
802.719
803.428
803.678
804.429
804.637
805.388
805.638
806.347
806.597
807.306
807.557
808.266
808.516
809.267
809.517
810.685
811.185
811.644
811.894
812.145
812.603
813.104
813.563
813.813
814.063
814.564
815.023
815.523
815.732
815.982
816.482
816.941
817.442
817.692
817.900
818.401
818.860
819.360
819.610
819.861
820.319
820.820
821.279
821.529
821.779
822.238
822.739
823.197
823.448
823.698
826.159
826.659
827.118
827.368
827.618
828.119
828.578
829.078
829.287
829.537
830.038
830.496
830.997
831.247
831.456
831.956
832.415
832.915
833.166
833.416
833.875
834.375
834.834
835.084
835.334
835.793
836.294
836.753
837.003
837.253
837.712
838.212
841.674
842.133
842.633
842.884
843.092
843.593
844.052
844.552
844.802
845.053
845.511
846.012
846.471
846.721
846.971
847.430
847.930
848.389
848.639
848.890
849.348
849.849
850.308
850.558
850.808
851.309
851.768
852.226
852.477
852.727
853.227
853.686
854.187
854.395
854.645
857.148
857.648
858.107
858.357
858.566
859.067
859.525
860.026
860.276
860.526
860.985
861.486
861.944
862.195
862.445
862.904
863.404
863.863
864.113
864.363
864.864
865.323
865.823
866.032
866.282
866.783
867.241
867.742
867.992
868.201
868.701
869.160
869.660
869.911
870.161
870.620
871.079
871.579
871.829
872.080
915.414
915.748
916.124
916.457
916.833
917.166
917.500
917.875
918.209
918.584
918.918
919.293
919.627
920.002
920.336
920.711
921.045
921.379
921.754
922.088
922.463
922.797
923.172
923.506
923.881
924.215
924.590
924.924
925.299
925.633
926.008
926.342
926.676
927.051
927.218
927.760
927.927
928.427
928.636
929.137
929.345
929.846
930.054
930.555
930.763
931.264
931.472
931.973
932.140
932.682
932.849
933.391
933.558
934.100
934.267
934.809
934.976
935.518
935.685
936.227
936.394
938.062
938.771
939.480
940.189
940.898
941.607
942.316
942.984
943.734
944.443
945.153
945.820
946.529
947.238
947.947
948.656
949.282
949.657
949.824
949.991
950.158
950.366
950.700
951.033
951.242
951.409
951.576
951.742
952.118
952.451
952.660
952.827
952.994
953.161
953.536
953.870
954.036
954.203
954.412
954.579
954.912
955.288
955.454
955.621
955.830
955.997
956.330
956.706
956.873
957.039
957.206
957.373
957.748
958.082
958.291
958.457
958.624
958.791
959.167
960.251
960.585
960.793
960.960
961.127
961.294
961.669
962.003
962.170
962.378
962.545
962.712
963.087
963.421
963.588
963.754
963.963
964.130
964.463
964.839
965.006
965.173
965.381
965.548
965.882
966.257
966.424
966.591
966.757
966.966
967.300
967.633
967.842
968.009
968.176
968.342
968.718
969.051
969.218
969.427
969.594
969.760
970.136
970.469
970.636
970.845
971.012
971.179
971.554
971.888
972.054
972.263
972.430
972.597
972.930
973.306
973.472
973.639
973.848
974.015
974.348
974.724
974.891
975.057
975.224
975.433
975.766
976.100
976.309
976.475
976.642
976.809
977.185
977.518
977.727
977.894
978.060
978.227
978.603
978.936
979.103
979.312
979.478
979.645
980.021
980.354
980.521
980.730
980.897
981.063
981.397
981.772
981.939
982.106
982.315
982.481
982.815
983.149
983.328
983.506
983.685
983.864
984.043
984.221
984.400
984.579
984.758
984.936
985.115
985.294
985.473
985.651
985.830
986.009
986.188
986.366
986.545
986.724
986.903
987.081
987.260
987.439
987.618
987.796
987.975
988.154
988.333
988.511
988.690
988.869
989.048
989.226
989.405
989.584
989.763
989.941
990.120
990.299
990.478
990.656
990.835
991.014
991.193
991.371
991.550
991.729
991.908
992.086
992.265
992.444
992.623
992.801
992.980
993.159
994.452
994.827
995.161
995.536
995.870
996.037
996.245
996.579
996.913
997.288
997.622
997.997
998.331
998.497
998.706
999.040
999.415
1000.124
1000.291
1000.458
1000.625
1000.833
1001.542
1001.709
1001.876
1002.084
1002.251
1002.960
1003.127
1003.336
1003.502
1003.669
1004.378
1004.545
1004.754
1004.921
1005.087
1005.755
1006.088
1006.464
1006.797
1007.173
1007.340
1007.506
1007.882
1008.216
1008.591
1008.925
1009.300
1009.634
1009.800
1010.009
1010.343
1010.718
1011.427
1011.594
1011.761
1011.928
1012.136
1012.845
1013.012
1013.179
1013.346
1013.554
1014.263
1014.430
1014.597
1014.805
1014.972
1015.681
1015.848
1016.015
1016.224
1016.390
1018.009
1018.208
1018.407
1018.606
1018.805
1019.004
1019.203
1019.402
1019.601
1019.800
1019.999
1020.198
1020.397
1020.596
1020.795
1020.994
1021.193
1021.392
1021.591
1021.790
1021.989
1022.188
1022.387
1022.586
1022.785
1022.984
1023.183
1023.382
1023.581
1023.780
1023.979
1024.178
1024.377
1024.576
1024.775
1024.974
1025.173
1025.372
1025.571
1025.770
1025.969
1028.361
1029.070
1029.779
1030.446
1031.155
1031.864
1032.573
1033.282
1033.991
1034.700
1035.409
1036.118
1036.827
1037.536
1038.246
1038.913
1039.622
1040.331
1041.040
1041.749
1042.458
1043.167
1043.876
1044.585
1045.294
1046.003
1046.712
1047.421
1048.130
1048.798
1049.507
1050.216
1050.925
1051.300
1051.467
1051.634
1051.801
1052.009
1052.343
1052.718
1052.885
1053.052
1053.219
1053.386
1053.761
1054.095
1054.262
1054.470
1054.637
1054.804
1055.179
1055.513
1055.680
1055.888
1056.055
1056.222
1056.555
1056.931
1057.098
1057.265
1057.431
1057.640
1057.974
1058.349
1058.516
1058.683
1058.849
1059.058
1059.392
1059.767
1059.892
1060.101
1060.268
1060.434
1060.810
1061.143
1061.310
1061.519
1061.686
1061.852
1062.228
1062.603
1062.770
1062.937
1063.104
1063.271
1063.646
1063.980
1064.188
1064.355
1064.522
1064.689
1065.064
1065.398
1065.564
1065.773
1065.940
1066.107
1066.482
1066.816
1066.983
1067.149
1067.358
1067.525
1067.858
1068.234
1068.401
1068.567
1068.734
1068.943
1069.277
1069.652
1069.819
1069.986
1070.152
1070.361
1070.695
1071.028
1071.237
1071.404
1071.570
1071.737
1072.113
1072.446
1072.655
1072.822
1072.989
1073.155
1073.531
1073.864
1074.031
1074.240
1074.407
1074.573
1074.949
1075.283
1075.449
1075.658
1075.825
1075.992
1076.325
1076.701
1076.867
1077.034
1077.201
1077.410
1077.743
1078.119
1078.286
1078.452
1078.619
1078.828
1079.161
1079.537
1079.704
1079.870
1080.037
1080.204
1080.579
1080.913
1081.122
1081.289
1081.455
1081.622
1081.998
1082.331
1082.498
1082.707
1082.873
1083.040
1083.416
1083.749
1083.916
1084.125
1084.292
1084.458
1084.834
1085.251
1085.459
1085.918
1086.544
1086.961
1087.169
1087.628
1088.254
1088.671
1088.879
1089.297
1089.964
1090.381
1090.589
1090.965
1091.144
1091.322
1091.501
1091.680
1091.859
1092.037
1092.216
1092.395
1092.574
1092.752
1092.931
1093.110
1093.289
1093.467
1093.646
1093.825
1094.004
1094.182
1094.361
1094.540
1094.719
1096.095
1096.470
1096.804
1097.179
1097.513
1097.680
1097.888
1098.222
1098.597
1098.931
1099.265
1099.640
1099.974
1100.182
1100.349
1100.683
1101.058
1101.767
1101.934
1102.101
1102.310
1102.476
1103.185
1103.352
1103.519
1103.728
1103.894
1104.603
1104.770
1104.979
1105.146
1105.313
1106.022
1106.188
1106.397
1106.564
1106.731
1107.398
1107.773
1108.107
1108.441
1108.816
1108.983
1109.150
1109.525
1109.859
1110.234
1110.568
1110.943
1111.277
1111.485
1111.652
1111.986
1112.361
1113.070
1113.237
1113.404
1113.612
1113.779
1114.488
1114.655
1114.822
1115.031
1115.197
1115.906
1116.073
1116.282
1116.449
1116.615
1117.325
1117.491
1117.700
1117.867
1118.034
1118.701
1118.868
1119.076
1119.243
1119.410
1119.577
1119.744
1120.119
1120.286
1120.453
1120.661
1120.828
1120.995
1121.162
1121.537
1121.704
1121.871
1122.038
1122.246
1122.413
1122.580
1122.955
1123.122
1123.289
1123.456
1123.664
1123.831
1123.998
1124.332
1124.510
1124.689
1124.868
1125.047
1125.225
1125.404
1125.583
1125.762
1125.940
1126.119
1126.298
1126.477
1126.655
1126.834
1127.013
1127.192
1127.370
1127.549
1127.728
1127.907
1128.085
1128.264
1128.443
1128.622
1128.800
1128.979
1129.158
1129.337
1130.004
1130.338
1130.713
1131.047
1131.380
1131.756
1132.089
1132.465
1132.798
1133.174
1133.507
1133.883
1134.216
1134.592
1134.925
1135.259
1135.634
1135.968
1136.344
1136.677
1137.053
1137.386
1137.762
1138.095
1138.471
1138.804
1139.180
1139.513
1139.847
1140.222
1140.598
1140.931
1141.265
1141.640
1141.807
1142.350
1142.516
1143.059
1143.225
1143.768
1143.934
1144.435
1144.643
1145.144
1145.353
1145.853
1146.020
1146.562
1146.729
1147.271
1147.438
1147.980
1148.147
1148.689
1148.856
1149.398
1149.565
1150.107
1150.274
1150.816
1150.983
1190.564
1191.065
1191.524
1191.982
1192.441
1192.942
1193.401
1193.859
1194.318
1194.819
1195.277
1195.736
1196.195
1196.654
1197.154
1197.613
1198.072
1198.531
1199.031
1199.490
1199.949
1200.408
1200.908
1201.367
1201.826
1202.284
1202.785
1203.244
1203.702
1204.161
1204.620
1205.121
1205.579
1206.038
1206.539
1206.997
1207.456
1207.915
1208.374
1208.874
1209.333
1209.792
1210.251
1210.751
1211.210
1211.669
1212.128
1212.628
1213.087
1213.546
1214.004
1214.505
1214.964
1215.423
1215.881
1216.340
1216.841
1217.299
1217.758
1218.217
1218.717
1219.176
1219.635
1220.136
1220.594
1227.852
1228.102
1239.159
1239.359
1239.559
1239.760
1239.960
1240.160
1240.361
1240.561
1240.761
1240.962
1241.162
1241.362
1241.562
1241.763
1241.963
1242.163
1242.364
1242.564
1242.764
1242.965
1243.165
1243.365
1243.566
1243.766
1243.966
1244.167
1244.367
1244.567
1244.768
1244.968
1245.168
1245.369
1245.569
1245.769
1245.970
1246.170
1246.370
1246.570
1246.771
1246.971
1247.171
1247.372
1247.572
1247.772
1247.973
1248.173
1248.373
1248.574
1248.774
1248.974
1249.175
1249.375
1249.575
1249.776
1249.976
1250.176
1250.377
1250.577
1250.777
1250.978
1251.178
1251.378
1251.578
1251.779
1251.979
1252.179
1252.380
1252.580
1252.780
1252.981
1253.181
1253.381
1253.582
1253.782
1253.982
1254.183
1254.383
1254.583
1254.784
1254.984
1255.184
1255.385
1255.585
1255.785
1255.986
1256.186
1256.386
1256.587
1256.787
1256.987
1257.187
1257.388
1257.588
1257.788
1257.989
1258.189
1258.389
1258.590
1258.790
1258.990
1259.191
1259.391
1259.591
1259.792
1259.992
1260.192
1260.393
1260.593
1260.793
1260.994
1261.194
1261.394
1261.595
1261.795
1261.995
1262.195
1262.396
1262.596
1262.796
1262.997
1263.197
1263.397
1263.598
1263.798
1263.998
1264.199
1264.399
1264.599
1264.800
1265.000
1265.200
1265.401
1265.601
1265.801
1266.002
1266.202
1266.402
1266.603
1266.803
1267.003
1267.204
1267.404
1267.604
1267.804
1268.005
1268.205
1268.405
1268.606
1268.806
1269.006
1269.207
1269.407
1269.607
1269.808
1270.008
1270.208
1270.409
1270.609
1270.809
1271.010
1271.210
1271.410
1271.611
1271.811
1272.011
1272.212
1272.412
1272.612
1272.812
1273.013
1273.213
1273.413
1273.614
1273.814
1274.014
1274.215
1274.415
1274.615
1274.816
1275.016
1275.216
1275.417
1275.617
1275.817
1276.018
1276.218
1276.418
1276.619
1276.819
1277.019
1277.220
1277.420
1277.620
1277.820
1278.021
1278.221
1278.421
1278.622
1278.822
1279.022
1279.223
1279.423
1280.571
1281.030
1281.530
1281.989
1282.448
1282.907
1283.407
1283.866
1284.325
1284.783
1285.284
1285.743
1286.202
1286.660
1287.119
1287.620
1288.078
1288.537
1288.996
1289.497
1289.955
1290.414
1290.873
1291.373
1291.832
1292.291
1292.750
1293.250
1293.709
1294.168
1294.627
1295.085
1295.586
1296.045
1296.504
1297.004
1297.463
1297.922
1298.380
1298.839
1299.340
1299.798
1300.257
1300.716
1301.217
1301.675
1302.134
1302.593
1303.052
1303.552
1304.011
1304.470
1304.970
1305.429
1305.888
1306.347
1306.805
1307.306
1307.765
1308.224
1308.724
1309.183
1309.642
1310.100
1318.108
1340.151
1340.351
1340.551
1340.751
1340.951
1341.151
1341.351
1341.551
1341.751
1341.951
1342.151
1342.352
1342.552
1342.752
1342.952
1343.152
1343.352
1343.552
1343.752
1343.952
1344.152
1344.352
1344.553
1344.753
1344.953
1345.153
1345.353
1345.553
1345.753
1345.953
1346.153
1346.353
1346.553
1346.753
1346.954
1347.154
1347.354
1347.554
1347.754
1347.954
1348.154
1348.354
1348.554
1348.754
1348.954
1349.154
1349.355
1349.555
1349.755
1349.955
1350.155
1350.355
1350.555
1350.755
1350.955
1351.155
1351.355
1351.555
1351.756
1351.956
1352.156
1352.356
1352.556
1352.756
1352.956
1353.156
1353.356
1353.556
1353.756
1353.956
1354.157
1354.357
1354.557
1354.757
1354.957
1355.157
1355.357
1355.557
1355.757
1355.957
1356.157
1356.358
1356.558
1356.758
1356.958
1357.158
1357.358
1357.558
1357.758
1357.958
1358.158
1358.358
1358.558
1358.759
1358.959
1359.159
1359.359
1359.559
1359.759
1359.959
1360.159
1360.359
1360.559
1360.759
1360.959
1361.160
1361.360
1361.560
1361.760
1361.960
1362.160
1362.360
1362.560
1362.760
1362.960
1363.160
1363.360
1363.561
1363.761
1363.961
1364.161
1364.361
1364.561
1364.761
1364.961
1365.161
1365.361
1365.561
1365.762
1365.962
1366.162
1366.362
1366.562
1366.762
1366.962
1367.162
1367.362
1367.562
1367.762
1367.962
1368.163
1368.363
1368.563
1368.763
1368.963
1369.163
1369.363
1369.563
1369.763
1369.963
1370.163
1370.363
1370.564
1370.764
1370.964
1371.164
1371.364
1371.564
1371.764
1371.964
1372.164
1372.364
1372.564
1372.764
1372.965
1373.165
1373.365
1373.565
1373.765
1373.965
1374.165
1374.365
1374.565
1374.765
1374.965
1375.165
1375.366
1375.566
1375.766
1375.966
1376.166
1376.366
1376.566
1376.766
1376.966
1377.166
1377.366
1377.567
1377.767
1377.967
1378.167
1378.367
1378.567
1378.767
1378.967
1379.167
1379.367
1379.567
1379.767
1379.968
1380.168
1380.368
1380.568
1380.768
1380.968
1381.168
1381.368
1381.568
1381.768
1381.968
1382.168
1382.369
1382.569
1382.769
1382.969
1383.169
1383.369
1383.569
1383.769
1383.969
1384.169
1385.551
1386.051
1386.510
1386.969
1387.469
1387.928
1388.387
1388.846
1389.305
1389.805
1390.264
1390.723
1391.223
1391.682
1392.141
1392.600
1393.058
1393.559
1394.018
1394.476
1394.935
1395.436
1395.894
1396.353
1396.812
1397.313
1397.771
1398.230
1398.689
1399.189
1399.648
1400.107
1400.566
1401.066
1401.525
1401.984
1402.443
1402.901
1403.402
1403.861
1404.320
1404.778
1405.279
1405.738
1406.196
1406.655
1407.156
1407.615
1408.073
1408.532
1409.033
1409.491
1409.950
1410.409
1410.868
1411.368
1411.827
1412.286
1412.786
1413.245
1413.704
1414.163
1414.622
1415.122
1415.581
1416.040
1416.498
1416.999
1417.458
1417.916
1418.375
1418.834
1419.335
1419.793
1420.252
1420.753
1421.211
1421.670
1422.129
1423.088
1423.547
1424.006
1424.506
1424.965
1425.424
1425.883
1426.342
1426.800
1427.301
1427.760
1428.218
1428.719
1429.178
1429.637
1430.554
1431.055
1431.513
1431.972
1432.473
1432.931
1433.390
1433.849
1434.308
1434.808
1435.267
1435.726
1436.185
1436.685
1437.144
1438.062
1438.562
1439.021
1439.480
1439.938
1440.439
1440.898
1441.357
1441.815
1442.316
1442.775
1443.233
1443.692
1444.151
1444.652
1488.654
1488.821
1489.863
1490.239
1491.448
1491.824
1492.700
1493.033
1494.284
1494.493
1495.536
1495.869
1497.121
1497.454
1498.330
1498.706
1499.915
1500.290
1500.624
1500.999
1501.333
1501.709
1502.042
1502.418
1502.751
1503.127
1503.460
1503.836
1504.169
1504.503
1504.878
1505.212
1505.388
1505.564
1505.740
1505.916
1506.093
1506.269
1506.445
1506.621
1506.797
1506.973
1507.149
1507.325
1507.501
1507.677
1507.854
1508.030
1508.206
1508.382
1511.218
1511.385
1511.760
1511.927
1512.094
1512.302
1512.636
1512.803
1513.178
1513.345
1513.512
1513.679
1514.054
1514.221
1514.596
1514.763
1514.930
1515.097
1515.472
1515.639
1515.973
1516.181
1516.348
1516.515
1516.890
1517.057
1517.391
1517.599
1517.766
1517.933
1518.267
1518.475
1518.809
1518.976
1519.184
1519.351
1519.685
1519.852
1520.227
1520.394
1520.561
1520.769
1521.103
1521.270
1521.645
1521.812
1521.979
1522.146
1522.521
1522.688
1523.063
1523.230
1523.397
1523.564
1523.939
1524.106
1524.440
1524.648
1524.815
1524.982
1525.357
1525.524
1525.858
1526.066
1526.233
1526.400
1526.734
1526.942
1527.276
1527.443
1527.651
1527.818
1528.152
1528.360
1528.694
1528.861
1529.027
1529.236
1529.570
1529.737
1530.112
1530.279
1530.446
1530.654
1530.988
1531.155
1531.530
1531.697
1531.864
1532.030
1533.824
1534.158
1534.366
1534.533
1534.700
1534.867
1535.242
1535.576
1535.743
1535.951
1536.118
1536.285
1536.618
1536.994
1537.161
1537.369
1537.536
1537.703
1538.078
1538.412
1538.579
1538.746
1538.954
1539.121
1539.455
1539.830
1539.997
1540.164
1540.330
1540.539
1540.873
1541.248
1541.415
1541.582
1541.749
1541.957
1542.291
1542.666
1542.833
1543.000
1543.167
1543.375
1543.709
1544.042
1544.251
1544.418
1544.585
1544.752
1545.127
1545.461
1545.669
1545.836
1546.003
1546.170
1546.545
1546.879
1547.045
1547.254
1547.421
1547.588
1547.921
1548.297
1548.464
1548.672
1548.839
1549.006
1549.339
1549.715
1549.882
1550.048
1550.257
1550.424
1550.758
1551.133
1551.300
1551.467
1551.633
1551.842
1552.176
1552.551
1552.718
1552.885
1553.051
1553.260
1553.552
1553.729
1553.907
1554.084
1554.261
1554.438
1554.616
1554.793
1554.970
1555.147
1555.325
1555.502
1555.679
1555.856
1556.034
1556.211
1556.388
1567.691
1567.868
1568.044
1568.221
1568.398
1568.574
1568.751
1568.927
1569.104
1569.281
1569.457
1569.634
1569.811
1569.987
1570.164
1570.340
1570.517
1570.694
1570.870
1571.047
1571.224
1571.400
1571.577
1571.753
1571.930
1572.107
1572.283
1572.460
1572.637
1572.813
1572.990
1573.166
1573.343
1573.520
1573.696
1573.873
1574.050
1574.226
1574.403
1574.579
1574.756
1574.933
1575.109
1575.286
1575.463
1575.639
1575.816
1575.992
1576.169
1576.346
1576.522
1576.699
1576.876
1577.052
1577.229
1577.405
1577.582
1577.759
1577.935
1578.112
1578.289
1578.465
1578.642
1578.818
1578.995
1579.172
1579.348
1579.525
1579.702
1579.878
1580.055
1580.231
1580.408
1580.585
1580.761
1580.938
1581.115
1581.291
1581.468
1581.644
1581.821
1581.998
1582.174
1582.351
1582.528
1582.704
1582.881
1583.057
1583.234
1583.411
1583.587
1583.764
1583.941
1584.117
1584.294
1584.470
1584.647
1584.824
1585.000
1585.177
1585.354
1585.530
1585.707
1585.883
1586.060
1586.237
1586.413
1586.590
1586.767
1586.943
1587.120
1587.296
1587.473
1587.650
1587.826
1588.003
1588.180
1588.356
1588.533
1588.709
1588.886
1590.339
1590.839
1591.381
1593.133
1593.675
1594.218
1595.969
1596.512
1597.012
1597.554
1598.806
1599.306
1599.848
1600.349
1601.600
1602.142
1602.643
1604.436
1604.978
1605.479
1607.272
1607.773
1608.315
1608.816
1612.945
1613.654
1614.363
1615.072
1615.781
1616.448
1617.157
1617.866
1618.575
1619.284
1619.993
1620.702
1621.411
1622.079
1622.830
1623.539
1623.872
1624.206
1624.581
1624.915
1625.290
1625.624
1625.999
1626.333
1626.708
1627.042
1627.417
1627.751
1628.126
1628.460
1628.836
1629.169
1629.545
1629.795
1629.973
1630.151
1630.329
1630.507
1630.685
1630.863
1631.041
1631.218
1631.396
1631.574
1631.752
1631.930
1632.108
1632.286
1632.464
1632.642
1632.820
1632.998
1633.176
1633.354
1633.532
1633.710
1633.888
1634.066
1634.244
1634.422
1634.600
1634.778
1634.956
1635.133
1635.467
1635.843
1636.176
1636.552
1636.885
1637.261
1637.594
1637.970
1638.303
1638.679
1639.012
1639.346
1639.721
1640.055
1640.430
1640.764
1641.139
1641.473
1641.849
1642.182
1642.558
1642.891
1643.267
1643.600
1643.976
1644.309
1644.685
1645.018
1645.352
1646.812
1647.145
1647.479
1647.855
1648.230
1648.564
1648.897
1649.273
1649.606
1649.982
1650.315
1650.691
1651.024
1651.400
1651.733
1652.109
1652.442
1652.818
1653.151
1653.485
1653.861
1654.194
1654.570
1654.903
1655.279
1658.115
1658.615
1659.157
1659.449
1659.825
1660.158
1660.534
1660.909
1661.451
1661.952
1662.286
1662.661
1662.995
1663.370
1663.704
1664.246
1664.746
1665.289
1665.831
1666.164
1666.540
1667.082
1667.583
1668.125
1668.667
1669.001
1669.376
1669.877
1670.419
1670.752
1671.128
1671.461
1671.837
1672.170
1672.713
1673.213
1673.589
1673.964
1674.298
1674.673
1675.007
1675.549
1676.049
1676.592
1680.637
1681.013
1681.179
1681.346
1681.513
1681.722
1682.055
1682.389
1682.598
1682.764
1682.931
1683.098
1683.473
1683.807
1684.016
1684.182
1684.349
1684.516
1684.892
1685.225
1685.392
1685.601
1685.767
1685.934
1686.310
1686.643
1686.810
1687.019
1687.185
1687.352
1687.686
1688.061
1688.228
1688.395
1688.604
1688.770
1689.104
1689.479
1689.646
1689.813
1689.980
1690.188
1690.522
1690.898
1691.064
1691.231
1691.398
1691.607
1691.940
1692.316
1692.482
1692.649
1692.816
1692.983
1693.358
1693.692
1693.901
1694.067
1694.234
1694.401
1694.776
1695.110
1695.319
1695.485
1695.652
1695.819
1696.194
1696.528
1696.695
1696.904
1697.070
1697.237
1697.613
1697.946
1698.113
1698.280
1698.488
1698.655
1698.989
1699.364
1699.531
1699.698
1699.907
1700.073
1700.407
1700.580
1700.753
1700.925
1701.098
1701.271
1701.444
1701.617
1701.789
1701.962
1702.135
1702.308
1702.481
1702.653
1702.826
1714.504
1714.671
1714.880
1715.047
1715.923
1716.089
1716.298
1716.465
1720.177
1720.353
1720.529
1720.706
1720.882
1721.058
1721.234
1721.411
1721.587
1721.763
1721.939
1722.116
1722.292
1722.468
1722.644
1722.821
1722.997
1723.173
1723.349
1723.526
1723.702
1723.878
1724.054
1724.231
1724.407
1724.583
1724.759
1724.936
1725.112
1725.288
1725.464
1725.641
1725.817
1725.993
1726.169
1726.346
1726.522
1726.698
1726.874
1727.051
1727.227
1727.403
1727.579
1727.756
1727.932
1728.108
1728.284
1728.461
1728.637
1728.813
1728.989
1729.166
1729.342
1729.518
1729.694
1729.871
1730.047
1730.223
1730.399
1730.576
1730.752
1730.928
1731.104
1731.480
1732.022
1732.564
1734.316
1734.858
1735.359
1737.152
1737.694
1738.195
1738.695
1739.947
1740.489
1741.031
1741.531
1742.783
1743.325
1743.825
1744.273
1744.524
1744.774
1745.024
1745.274
1745.525
1745.775
1746.025
1746.276
1746.526
1746.776
1747.027
1747.277
1747.527
1747.777
1748.028
1748.278
1748.528
1748.779
1749.029
1749.279
1749.529
1749.780
1750.030
1750.280
1750.531
1750.781
1751.031
1751.282
1751.532
1751.782
1752.032
1752.283
1752.533
1752.783
1753.034
1753.284
1753.534
1753.784
1754.035
1754.285
1754.535
1754.786
1755.036
1755.286
1755.537
1755.787
1756.037
1756.287
1756.538
1756.788
1757.038
1757.289
1757.539
1757.789
1758.039
1758.290
1758.540
1758.790
1759.041
1759.291
1759.541
1759.792
1760.042
1760.292
1760.542
1760.793
1761.043
1761.293
1761.544
1761.794
1762.044
1762.294
1762.545
1762.795
1763.045
1763.296
1763.546
1763.796
1764.047
1764.297
1764.547
1764.797
1765.048
1765.298
1765.548
1765.799
1766.049
1766.299
1766.549
1766.800
1767.050
1767.300
1767.551
1767.801
1768.051
1768.302
1768.552
1768.802
1769.052
1769.303
1769.553
1769.803
1770.054
1770.304
1770.554
1770.804
1771.055
1771.305
1771.555
1771.806
1772.056
1772.306
1772.557
1772.807
1773.057
1773.307
1773.558
1773.808
1774.058
1774.309
1774.559
1774.809
1775.059
1775.310
1775.560
1775.810
1776.061
1776.311
1776.561
1776.812
1777.062
1777.262
1777.462
1777.662
1777.862
1778.062
1778.262
1778.462
1778.662
1778.862
1779.062
1779.262
1779.462
1779.662
1779.862
1780.062
1780.261
1780.461
1780.661
1780.861
1781.061
1781.261
1781.461
1781.661
1781.861
1782.061
1782.261
1782.461
1782.661
1782.861
1783.061
1783.261
1783.461
1783.661
1783.861
1784.061
1784.261
1784.461
1784.661
1784.861
1785.061
1785.261
1785.461
1785.661
1785.861
1786.061
1786.261
1786.461
1786.661
1786.861
1787.061
1787.261
1787.461
1787.661
1787.861
1788.061
1788.261
1788.461
1788.661
1788.861
1789.061
1789.261
1789.461
1789.661
1789.861
1790.061
1790.260
1790.460
1790.660
1790.860
1791.060
1791.260
1791.460
1791.660
1791.860
1792.060
1792.260
1792.460
1792.660
1792.860
1793.060
1793.260
1793.460
1793.660
1793.860
1794.060
1794.260
1794.460
1794.660
1794.860
1795.060
1795.260
1795.460
1795.660
1795.860
1796.060
1796.260
1796.460
1796.660
1796.860
1797.060
1797.260
1797.460
1797.660
1797.860
1798.060
1798.260
1798.460
1798.660
1798.860
1799.060
1799.260
1799.460
1799.660
1799.860
1800.060
1800.259
1800.459
1800.659
1800.859
1801.059
1801.259
1801.459
1801.659
1801.859
1802.059
1802.259
1802.459
1802.659
1802.859
1803.059
1803.259
1803.459
1803.659
1803.859
1804.059
1804.259
1804.459
1804.659
1804.859
1805.059
1805.259
1805.459
1805.659
1805.859
1806.059
1806.259
1806.459
1806.659
1806.859
1807.059
1807.259
1807.459
1807.659
1807.859
1808.059
1808.259
1808.459
1808.659
1808.859
1809.059
1809.259
1809.459
1809.659
1809.859
1810.059
1810.259
1810.458
1810.658
1810.858
1811.058
1811.258
1811.458
1811.658
1811.858
1812.058
1812.258
1812.458
1812.658
1812.858
1813.058
1813.258
1813.458
1813.658
1813.858
1814.058
1814.258
1814.458
1814.658
1814.858
1815.058
1815.258
1815.458
1815.658
1815.858
1816.058
1816.258
1816.458
1816.658
1816.858
1817.058
1817.258
1817.458
1817.658
1817.858
1818.058
1818.258
1818.458
1818.658
1818.858
1819.058
1819.258
1819.458
1819.658
1819.858
1820.058
1820.258
1820.457
1820.657
1820.857
1821.057
1821.257
1821.457
1821.657
1821.857
1822.057
1822.257
1822.457
1822.657
1822.857
1823.057
1823.257
1823.457
1823.657
1823.857
1824.057
1824.257
1824.457
1824.657
1824.857
1825.057
1825.257
1825.457
1825.657
1825.857
1826.057
1826.257
1826.457
1826.657
1826.857
1827.057
1827.257
1827.457
1827.657
1827.857
1828.057
1828.257
1828.457
1828.657
1828.857
1829.057
1829.257
1829.457
1829.657
1829.857
1830.057
1830.257
1830.456
1830.656
1830.856
1831.056
1831.256
1831.456
1831.656
1831.856
1832.056
1832.256
1832.456
1832.656
1832.856
1833.056
1833.256
1833.456
1833.656
1833.856
1834.056
1834.256
1834.456
1834.656
1834.856
1835.056
1835.256
1835.456
1835.656
1835.856
1836.056
1836.256
1836.456
1836.656
1836.856
1837.056
1837.256
1837.456
1837.656
1837.856
1838.056
1838.256
1838.456
1838.656
1838.856
1839.056
1839.256
1839.456
1839.656
1839.856
1840.056
1840.256
1840.455
1840.655
1840.855
1841.055
1841.255
1841.455
1841.655
1841.855
1842.055
1842.255
1842.455
1842.655
1842.855
1843.055
1843.255
1843.455
1843.655
1843.855
1844.055
1844.255
1844.455
1844.655
1844.855
1845.055
1845.255
1845.455
1845.655
1845.855
1846.055
1846.255
1846.455
1846.655
1846.855
1847.055
1847.255
