23.563
24.030
24.513
24.963
25.430
25.913
26.363
26.830
27.313
27.780
28.247
28.713
29.180
29.663
30.113
30.596
31.096
31.580
31.996
32.480
32.930
33.396
33.863
34.330
34.813
35.313
35.746
36.230
36.680
37.146
37.613
38.080
38.563
39.080
39.496
39.963
40.430
40.896
41.363
41.830
42.313
42.780
43.246
43.713
44.196
44.646
45.113
45.630
46.063
46.546
47.013
47.463
47.930
48.396
48.863
49.813
50.280
50.746
51.230
51.680
52.180
52.613
53.080
53.580
54.030
54.496
54.963
55.430
55.913
56.363
56.830
57.313
57.780
58.246
58.713
59.180
59.646
60.113
60.596
61.063
61.530
61.996
62.480
62.930
63.413
63.863
64.330
64.813
65.063
65.313
65.513
65.763
65.980
66.213
66.446
68.563
69.046
69.496
69.980
70.430
70.896
71.363
71.846
72.313
72.780
73.246
73.713
74.180
74.646
75.113
75.596
76.063
76.546
76.996
77.480
77.930
78.396
78.863
79.330
79.813
80.296
80.763
81.230
81.696
83.563
84.030
84.496
84.980
85.430
85.896
86.363
86.830
87.313
87.780
88.263
88.730
89.180
89.646
90.113
91.063
91.529
91.996
92.463
92.929
93.413
93.879
94.329
94.813
95.296
95.763
96.213
98.079
98.563
99.046
99.513
99.979
100.446
100.896
101.363
101.846
102.313
102.779
103.246
103.729
106.079
106.563
106.979
107.479
107.979
108.396
108.879
109.346
109.813
110.279
110.746
111.213
111.679
113.079
113.563
114.029
114.496
114.963
115.446
115.896
116.396
116.846
117.313
117.779
118.246
118.746
119.229
119.413
119.763
120.113
120.329
121.063
121.529
122.013
122.479
122.946
123.396
123.879
124.346
124.813
125.313
125.746
126.229
126.696
127.146
127.613
128.079
128.579
128.829
129.029
129.263
129.496
129.729
129.979
130.429
130.679
130.896
131.146
131.379
131.596
131.829
132.246
132.479
132.713
132.946
133.179
133.413
133.646
134.029
134.279
134.496
134.713
134.946
135.179
135.429
135.846
136.063
136.529
136.813
136.996
137.246
137.496
137.713
137.963
138.179
138.396
138.646
138.863
139.096
139.329
139.579
139.829
140.046
140.313
140.546
140.746
140.979
141.213
141.446
141.713
141.913
142.146
142.396
142.963
143.463
144.396
144.846
145.329
145.829
146.263
146.746
147.196
147.679
148.146
148.646
149.063
149.546
150.013
150.479
150.946
151.413
151.879
152.346
152.812
153.296
153.746
154.696
155.162
155.629
156.112
157.496
157.979
158.462
158.946
159.379
159.862
160.312
160.779
161.279
161.712
162.196
162.679
163.129
163.612
164.062
164.546
164.996
165.462
165.946
166.412
166.879
167.346
167.812
168.279
168.746
169.212
169.712
170.162
170.629
171.096
172.962
174.846
176.712
178.596
180.479
180.712
181.412
181.646
182.362
182.579
183.279
183.512
184.212
184.446
185.162
185.446
186.096
186.329
187.029
187.279
187.962
188.196
188.912
189.146
189.846
190.079
190.779
191.012
191.712
191.946
192.679
192.896
193.596
193.829
194.529
194.762
195.462
195.946
196.412
196.879
197.346
197.812
198.296
198.762
199.212
199.696
200.162
200.629
201.096
201.579
202.029
202.496
202.962
203.446
203.912
204.379
204.846
205.312
205.779
206.262
206.712
207.212
207.662
208.129
208.612
209.079
209.529
210.046
210.479
210.962
211.412
211.879
212.346
212.812
213.279
213.745
214.212
214.695
215.162
215.629
216.095
218.045
218.462
218.929
219.412
219.912
220.345
220.829
221.295
221.745
222.212
222.695
223.179
223.629
224.112
224.562
225.495
225.962
226.429
226.912
227.379
228.329
228.779
229.245
229.729
230.179
230.662
231.145
232.995
233.462
233.929
234.412
234.879
235.345
235.829
236.279
236.745
237.212
237.679
238.162
238.645
239.095
239.562
240.029
240.495
242.379
244.212
246.095
247.995
248.462
248.929
249.412
249.879
250.362
250.829
251.279
251.745
252.212
252.679
253.162
253.629
254.112
254.562
255.495
255.962
256.429
256.912
257.379
257.845
258.312
258.795
259.245
259.729
260.179
260.662
261.129
262.495
262.962
263.445
263.895
264.362
264.812
265.279
265.712
266.179
266.612
267.045
267.479
267.979
268.362
268.795
269.212
269.662
270.095
270.512
270.979
271.379
271.779
272.179
272.579
272.995
273.395
273.795
274.179
274.578
275.012
275.362
275.745
276.145
276.528
276.878
277.262
277.645
278.028
278.395
278.762
279.162
279.512
279.878
280.245
280.612
280.962
281.328
281.678
282.062
282.412
282.745
283.112
283.478
283.828
284.162
284.495
284.845
285.178
285.528
285.862
286.195
286.528
286.862
287.195
287.512
287.845
288.195
288.495
288.845
289.162
289.462
289.828
289.945
290.428
290.578
291.078
291.212
291.695
291.862
292.328
292.478
292.962
293.128
293.595
293.778
294.245
294.428
294.878
295.045
295.512
295.678
296.145
296.328
296.795
296.945
297.428
297.578
298.062
298.212
311.428
312.828
313.762
314.712
315.645
316.578
317.512
318.462
319.395
320.328
321.278
322.212
323.145
324.078
325.028
325.962
326.428
326.895
327.362
327.828
328.295
328.778
329.245
329.712
330.178
330.662
331.112
331.578
332.062
332.528
332.995
333.462
333.928
334.395
334.862
335.328
335.811
336.278
336.745
337.228
337.678
338.161
338.611
339.078
341.428
341.895
342.378
342.828
343.295
343.761
344.245
344.728
345.178
345.645
346.128
346.595
347.045
347.511
347.995
348.461
348.928
349.395
349.861
350.328
350.795
351.278
351.761
352.211
352.678
353.145
353.611
354.078
354.561
354.711
354.861
355.045
355.178
355.345
355.495
355.645
355.811
356.895
357.361
357.828
358.295
358.761
359.245
359.711
360.178
360.645
361.128
361.595
362.045
362.528
362.995
363.461
363.928
364.395
364.861
365.328
365.795
366.278
366.745
367.211
367.695
368.145
368.611
369.078
371.428
373.311
375.178
377.061
378.945
380.811
382.695
384.561
385.495
386.428
386.895
387.361
387.828
388.295
388.761
389.228
389.711
390.178
390.645
391.111
391.578
392.045
392.511
392.995
393.461
393.928
394.395
394.861
395.328
395.795
396.261
396.744
397.211
397.678
398.144
398.611
399.078
399.544
400.011
400.494
400.961
401.428
401.894
402.361
402.828
403.294
403.778
404.244
404.711
405.178
405.644
406.111
406.578
408.928
409.444
409.894
410.328
410.844
411.261
411.744
412.211
412.678
413.144
413.611
414.078
414.544
415.011
415.494
415.961
416.461
416.894
417.361
417.828
418.294
418.744
419.244
419.728
420.178
420.644
421.111
421.578
422.044
422.528
423.011
423.478
425.794
426.311
426.744
427.211
427.678
428.144
428.611
429.078
429.544
430.011
430.478
430.994
431.428
431.944
432.378
432.844
433.294
433.761
434.244
434.711
435.178
435.644
436.111
436.578
437.044
437.511
437.994
438.461
438.928
439.394
439.878
440.378
440.794
441.261
441.744
442.228
442.711
443.144
443.628
444.078
444.544
445.028
445.511
445.961
446.428
446.644
446.744
446.894
447.094
447.228
447.378
447.528
447.694
448.761
449.228
449.694
450.161
450.644
451.128
451.578
452.044
452.511
453.011
453.494
453.928
454.394
454.861
455.328
455.794
456.261
456.728
457.194
457.694
458.161
458.611
459.077
459.544
460.011
460.477
460.944
461.427
462.377
462.827
463.277
465.194
467.044
468.894
470.811
472.711
474.594
476.427
477.361
478.327
478.777
479.261
479.711
480.177
480.661
481.111
481.577
482.044
482.527
482.994
483.461
486.277
486.744
487.211
487.677
488.161
488.611
489.077
489.544
490.027
490.494
490.961
491.427
491.894
492.377
492.827
493.294
493.777
494.244
494.711
495.227
495.644
496.111
496.577
497.044
497.527
497.994
498.461
498.927
499.394
499.861
500.327
500.811
501.277
501.744
502.211
502.677
503.144
503.611
504.077
504.561
505.027
505.494
505.961
522.277
524.160
526.060
527.927
529.794
531.710
533.577
535.460
537.327
538.027
539.210
539.910
541.094
541.794
542.960
543.677
544.844
545.544
546.727
547.444
548.610
549.310
552.360
552.594
552.844
553.077
553.310
553.777
554.244
554.710
555.210
556.160
556.377
556.594
556.827
557.060
557.544
558.010
558.994
559.427
559.894
560.127
560.360
560.594
560.827
561.294
561.777
562.244
562.710
563.177
563.644
563.894
564.144
564.360
564.594
565.060
565.544
565.994
566.477
566.944
567.410
567.910
568.344
568.827
569.294
569.760
569.994
570.227
570.460
570.727
571.177
571.644
572.110
572.577
573.060
573.527
573.760
573.994
574.227
574.460
574.944
575.410
575.877
576.344
576.810
577.277
577.527
577.760
577.994
578.227
578.694
579.160
579.627
580.110
580.593
581.043
581.277
581.510
581.743
581.993
582.460
582.693
582.927
583.160
583.393
583.860
584.343
584.810
585.277
585.743
586.210
586.460
586.693
586.927
587.160
587.627
588.093
588.560
589.043
589.510
589.977
590.210
590.443
590.677
590.910
591.393
591.860
592.327
592.793
593.277
593.743
593.977
594.210
594.443
594.677
595.143
595.627
596.093
596.560
597.027
597.510
597.743
597.977
598.443
598.910
599.377
599.610
599.843
600.327
600.793
601.260
601.493
601.727
602.193
602.677
603.143
603.410
603.660
604.093
604.560
605.027
605.260
605.510
605.960
606.427
606.910
607.143
607.377
607.877
608.310
608.827
609.027
609.260
609.727
610.193
610.660
610.893
611.127
611.610
612.077
612.543
612.777
613.010
613.510
613.760
613.977
614.427
614.660
614.893
615.360
615.593
615.843
616.310
616.543
616.793
617.243
617.477
617.743
618.193
618.427
618.660
619.127
619.360
619.593
620.060
620.310
620.543
621.010
621.243
621.477
621.943
622.177
622.410
622.893
623.127
623.360
624.060
624.293
624.777
625.010
625.243
625.710
625.943
626.177
626.643
626.877
627.127
631.343
632.077
633.227
633.943
635.110
635.810
636.993
637.693
638.877
639.577
640.776
641.460
642.626
643.343
644.510
645.226
646.393
647.093
647.610
648.276
648.976
649.443
650.160
650.860
651.326
652.043
652.743
653.210
653.910
654.626
655.093
655.793
656.510
656.976
657.676
658.376
658.893
659.560
660.260
660.726
661.443
661.676
661.910
662.176
662.376
662.843
663.326
663.793
664.276
664.726
665.193
665.443
665.676
665.943
666.143
666.610
667.076
667.560
668.026
668.493
668.960
669.193
669.426
669.660
669.910
670.376
670.843
671.310
671.793
672.260
672.726
672.960
673.193
673.426
673.660
674.160
674.610
675.093
675.543
676.026
676.510
676.743
676.960
677.210
677.426
677.910
678.376
678.843
679.310
679.776
680.243
680.476
680.743
680.993
681.193
681.660
682.143
682.593
683.076
683.543
684.010
684.243
684.476
684.710
684.943
685.410
685.893
686.360
686.826
687.293
687.793
688.060
688.243
688.476
688.710
689.176
690.126
690.643
691.060
691.526
691.993
692.476
692.943
693.410
693.876
694.343
694.826
695.293
695.760
696.226
696.693
697.210
697.660
698.593
699.093
699.543
699.993
700.460
700.926
701.409
701.876
702.343
702.826
703.276
703.759
704.226
704.693
705.159
705.626
706.109
706.576
706.809
707.059
707.976
708.459
708.926
709.393
709.859
710.343
710.593
710.826
711.276
711.776
712.209
712.459
712.693
713.159
713.626
714.109
714.376
714.559
715.059
715.509
715.976
716.209
716.443
716.926
717.409
717.859
718.093
718.326
718.793
719.259
719.743
719.976
720.209
720.676
721.143
721.609
721.859
722.109
722.559
722.826
723.026
723.493
723.726
723.976
724.443
724.676
724.909
725.376
725.609
725.843
726.326
726.559
726.793
727.276
727.493
727.726
728.193
728.443
728.676
729.143
729.409
729.609
730.076
730.309
730.543
731.043
731.259
731.509
731.959
732.193
732.426
732.909
733.159
733.393
733.843
734.076
734.309
734.776
735.009
735.259
735.726
735.959
736.193
736.659
737.159
738.093
738.543
739.059
739.476
740.009
740.426
740.893
741.359
741.826
742.309
742.776
743.243
743.709
744.193
744.659
745.126
745.593
746.059
746.543
747.009
747.493
747.943
748.409
748.893
749.359
749.826
750.293
750.759
751.243
751.709
751.943
752.226
752.409
752.643
752.876
753.143
753.359
753.826
754.059
754.309
754.526
754.759
754.993
755.226
755.476
755.959
756.226
756.409
756.693
756.876
757.143
757.343
757.576
757.876
758.059
758.293
758.526
758.759
758.993
759.243
759.459
759.693
759.943
760.193
760.426
760.676
760.876
761.109
761.343
761.576
761.809
762.059
762.292
762.542
762.759
762.992
763.226
763.459
763.692
763.926
764.176
764.409
764.642
764.876
765.109
765.342
765.576
765.809
766.042
766.276
766.509
766.759
766.992
767.226
767.459
767.692
767.926
768.159
768.392
768.626
768.859
769.109
769.342
769.576
769.809
770.042
770.276
770.509
770.742
770.976
771.226
771.459
771.692
771.926
772.159
772.392
772.626
772.859
773.092
773.326
773.592
773.809
774.042
774.276
774.509
774.742
774.976
775.209
775.442
775.676
775.926
776.159
776.392
776.626
776.859
777.092
777.326
777.559
777.792
778.042
778.276
778.509
778.759
778.976
779.209
779.442
779.709
779.909
780.142
780.392
780.626
780.876
781.109
781.326
781.559
781.792
782.259
782.742
783.209
783.676
784.142
784.626
785.092
785.559
786.026
786.492
786.976
787.442
787.909
788.376
788.842
789.376
789.826
790.259
790.742
791.192
791.676
792.142
792.609
793.076
793.542
794.059
794.492
794.959
795.426
795.892
808.209
810.109
811.976
813.859
815.726
816.676
817.592
818.526
819.459
820.409
821.359
822.276
823.225
823.725
824.175
824.642
825.092
825.592
826.059
826.525
826.975
827.475
827.942
828.392
828.875
829.342
829.809
830.259
830.725
831.209
831.692
832.159
832.609
833.092
833.542
834.042
834.959
835.409
835.875
836.359
836.825
838.209
838.692
839.159
839.625
840.092
840.575
841.025
841.492
841.959
842.459
842.925
843.392
843.859
844.325
844.792
845.259
845.725
846.675
847.142
847.625
848.075
848.542
849.009
849.475
849.959
850.425
850.875
851.342
851.809
853.209
853.459
853.692
854.175
855.092
855.325
855.559
856.025
856.959
857.192
857.442
857.909
858.842
859.075
859.325
859.792
860.725
860.959
861.209
861.675
861.909
862.142
862.609
862.842
863.075
863.542
863.775
864.025
864.475
864.709
864.959
865.425
865.659
865.892
866.359
866.592
866.809
868.209
871.959
875.709
879.492
883.275
885.108
886.958
888.842
890.708
892.608
894.492
896.358
898.225
899.192
900.108
901.025
901.958
902.908
903.842
904.775
905.708
906.675
907.592
908.525
909.475
910.425
911.358
912.308
913.225
913.708
914.175
914.642
915.125
915.575
916.042
916.542
916.958
917.442
917.908
918.392
918.842
919.342
919.775
920.242
920.708
921.192
921.658
922.142
922.592
923.058
923.525
923.992
924.458
924.958
925.408
925.908
928.225
928.475
928.708
929.175
930.108
930.342
930.575
931.042
931.975
932.208
932.458
932.925
933.842
934.075
934.308
934.775
935.708
935.942
936.192
936.658
937.592
937.842
938.075
938.558
939.492
939.692
939.942
940.408
941.342
941.575
941.808
942.275
943.225
943.458
943.708
944.175
944.408
944.642
945.158
945.341
945.575
946.075
946.275
946.508
946.975
947.208
947.458
947.925
948.158
948.391
948.858
949.091
949.325
949.791
950.025
950.241
950.708
950.941
951.191
951.658
951.925
952.125
952.591
952.841
953.058
953.525
953.758
954.008
954.458
954.691
954.941
955.408
955.641
955.875
956.341
956.625
956.858
958.208
958.691
959.158
960.108
960.575
961.041
961.975
962.458
962.925
963.858
964.325
964.791
965.725
966.208
966.675
967.591
968.058
968.525
969.458
969.941
970.408
971.341
971.808
972.275
973.208
973.691
974.158
974.625
975.108
975.558
976.041
976.558
976.975
977.458
977.925
978.391
978.858
979.325
979.791
980.258
980.725
981.208
981.691
982.141
982.608
983.075
983.541
983.991
984.458
984.941
985.408
985.875
986.358
986.808
988.208
991.958
995.725
999.475
1003.208
1005.091
1006.958
1008.841
1010.724
1012.608
1014.491
1016.358
1018.208
1020.091
1021.958
1023.841
1025.708
1026.674
1027.608
1028.541
1029.491
1030.424
1031.358
1032.291
1033.224
1034.174
1035.091
1036.024
1036.958
1037.924
1038.841
1040.708
1041.174
1041.658
1042.124
1042.608
1043.074
1043.558
1044.008
1044.474
1044.941
1045.424
1045.891
1046.358
1046.841
1047.291
1047.758
1048.224
1048.691
1049.224
1049.641
1050.108
1050.558
1051.024
1051.491
1051.958
1052.424
1052.908
1053.391
1055.708
1055.941
1056.174
1056.658
1056.891
1057.124
1057.608
1057.824
1058.058
1058.524
1058.758
1059.008
1059.474
1059.708
1059.941
1060.424
1060.658
1060.891
1061.358
1061.641
1061.824
1062.291
1062.524
1062.758
1063.224
1063.458
1063.691
1064.174
1064.408
1064.641
1065.141
1065.341
1065.574
1066.041
1066.274
1066.508
1067.007
1067.191
1067.474
1067.907
1068.157
1068.391
1070.741
1070.957
1071.174
1071.424
1071.657
1071.924
1072.124
1072.357
1072.591
1072.824
1073.057
1073.291
1073.524
1073.757
1073.991
1074.224
1074.491
1074.741
1074.941
1075.174
1075.407
1075.641
1075.874
1076.357
1076.591
1076.824
1077.057
1077.291
1077.524
1077.757
1077.991
1078.224
1078.457
1078.691
1078.941
1079.174
1079.407
1079.641
1079.874
1080.107
1080.341
1080.574
1080.807
1081.057
1081.274
1081.507
1081.757
1081.974
1082.207
1082.441
1082.691
1082.924
1083.157
1083.391
1083.624
1083.841
1084.074
1084.307
1084.541
1085.707
1086.174
1086.657
1087.124
1087.591
1088.057
1088.524
1088.991
1089.457
1089.924
1090.407
1090.874
1091.341
1091.807
1092.274
1092.774
1093.257
1093.691
1094.174
1094.641
1095.107
1095.574
1096.041
1096.507
1096.974
1097.441
1097.924
1098.391
1098.857
1099.324
1099.807
1100.257
1100.707
1101.174
1101.657
1102.124
1102.591
1103.057
1103.524
1103.991
1104.457
1104.924
1105.407
1105.874
1106.341
1106.807
1107.274
1107.741
1108.207
1108.674
1109.157
1109.641
1110.107
1110.574
1111.041
1111.507
1111.974
1112.441
1112.924
1113.424
1113.857
1114.324
1114.791
1115.257
1129.657
1131.524
1133.390
1135.274
1137.157
1139.024
1140.890
1142.774
1144.640
1146.540
1148.390
1150.274
1152.140
1154.024
1155.890
1157.774
1159.640
1160.590
1161.524
1162.457
1163.390
1164.357
1165.290
1166.207
1167.140
1168.090
1169.024
1169.957
1170.890
1171.840
1172.774
1173.707
1174.640
1175.590
1176.524
1177.457
1178.390
1179.340
1180.274
1181.207
1182.140
1183.090
1184.024
1184.957
1185.890
1186.140
1186.374
1186.607
1186.840
1187.074
1187.307
1187.540
1187.790
1187.924
1188.040
1188.157
1188.274
1188.374
1188.490
1188.607
1188.724
1188.857
1188.973
1189.090
1189.207
1189.323
1189.440
1189.557
1189.690
1190.140
1190.590
1191.523
1191.990
1192.457
1193.390
1193.873
1194.340
1195.273
1195.740
1196.207
1197.140
1197.623
1198.090
1199.023
1199.507
1199.957
1200.890
1201.390
1201.857
1202.773
1203.257
1203.707
1204.707
1205.123
1205.590
1206.057
1206.523
1206.990
1207.457
1207.923
1208.390
1208.873
1209.340
1209.807
1210.273
1210.740
1211.207
1211.673
1212.140
1212.390
1212.740
1213.090
1213.323
1213.673
1214.023
1214.257
1214.607
1214.957
1215.190
1215.540
1215.907
1216.140
1216.540
1216.857
1217.090
1217.423
1217.773
1218.007
1218.357
1218.707
1218.940
1219.657
1220.140
1220.590
1221.540
1221.990
1222.457
1223.423
1223.873
1224.340
1225.273
1225.740
1226.207
1227.157
1227.623
1228.090
1229.023
1229.490
1229.957
1230.907
1231.373
1231.840
1232.773
1233.240
1233.723
1234.657
1234.890
1235.123
1235.590
1236.073
1236.557
1236.790
1236.990
1237.457
1237.940
1238.407
1238.640
1238.873
1239.340
1239.807
1240.273
1240.507
1240.740
1241.207
1241.673
1242.157
1242.623
1243.090
1243.557
1244.073
1244.257
1244.490
1244.957
1245.423
1245.907
1246.140
1246.373
1246.840
1247.307
1251.523
1251.756
1251.990
1252.456
1252.690
1252.923
1253.423
1253.640
1253.873
1254.340
1254.590
1254.823
1255.273
1255.523
1255.740
1256.206
1256.440
1256.673
1257.156
1257.390
1257.640
1258.090
1258.323
1258.556
1259.023
1259.256
1259.523
1259.956
1260.190
1260.423
1260.906
1261.140
1261.423
1261.840
1262.090
1262.306
1264.656
1265.123
1265.606
1266.056
1266.540
1266.990
1267.490
1267.923
1268.406
1268.873
1269.340
1269.806
1270.273
1270.740
1271.223
1271.706
1272.156
1272.623
1273.090
1273.556
1274.023
1274.490
1274.956
1275.423
1275.906
1276.373
1276.840
1277.306
1277.773
1278.240
1278.706
1279.173
1298.406
1298.873
1299.340
1300.273
1300.740
1301.206
1302.156
1302.623
1303.090
1304.040
1304.506
1304.973
1305.906
1306.373
1306.840
1307.773
1308.240
1308.706
1309.656
1310.123
1310.590
1311.523
1311.989
1312.456
1313.406
1313.873
1314.339
1315.273
1315.739
1316.206
1317.156
1317.623
1318.089
1319.023
1319.489
1319.956
1320.906
1321.389
1321.839
1322.773
1323.239
1323.706
1324.656
1325.123
1325.589
1326.523
1326.989
1327.456
1328.406
1328.873
1329.339
1329.806
1330.273
1330.739
1331.206
1331.673
1332.156
1332.623
1333.089
1333.556
1334.023
1334.506
1334.956
1335.423
1335.906
1336.139
1336.373
1336.606
1336.856
1337.073
1337.306
1337.539
1337.773
1338.023
1338.273
1338.473
1338.706
1338.939
1339.173
1339.423
1339.656
1339.789
1339.906
1340.006
1340.123
1340.256
1340.373
1340.489
1340.623
1340.723
1340.839
1340.956
1341.073
1341.189
1341.306
1341.423
1343.406
1343.639
1343.873
1344.339
1344.806
1345.273
1345.506
1345.739
1346.206
1346.673
1347.156
1347.389
1347.623
1348.089
1348.556
1349.023
1349.256
1349.489
1349.956
1350.423
1350.906
1351.139
1351.373
1351.839
1352.306
1352.773
1353.006
1353.239
1353.706
1354.173
1354.673
1354.906
1355.123
1355.589
1356.056
1358.406
1358.639
1358.873
1359.339
1359.573
1359.806
1360.273
1360.506
1360.773
1361.206
1361.439
1361.673
1362.156
1362.389
1362.623
1363.089
1363.323
1363.556
1364.023
1364.256
1364.489
1364.956
1365.206
1365.423
1365.906
1366.139
1366.373
1366.839
1367.073
1367.306
1367.773
1368.006
1368.239
1368.706
1368.939
1369.173
1369.656
1369.889
1370.123
1370.589
1370.823
1371.056
1375.272
1375.506
1375.739
1375.972
1376.206
1376.439
1376.672
1376.922
1377.156
1377.406
1377.622
1377.856
1378.089
1378.322
1378.556
1378.822
1379.022
1379.272
1379.489
1379.722
1379.956
1380.189
1380.422
1380.672
1380.906
1381.139
1381.372
1381.606
1381.839
1382.072
1382.306
1382.539
1382.789
1383.006
1383.239
1383.472
1383.706
1383.939
1384.172
1384.422
1384.656
1384.906
1385.122
1385.356
1385.589
1385.872
1386.056
1386.289
1388.422
1388.872
1389.339
1389.806
1390.272
1390.739
1391.206
1391.672
1392.156
1392.622
1393.089
1393.556
1394.022
1394.489
1394.956
1395.422
1395.906
1396.372
1396.839
1397.306
1397.772
1398.239
1398.706
1399.172
1399.656
1400.122
1400.589
1401.056
1401.522
1401.989
1402.456
1402.939
1403.406
1403.872
1404.339
1405.272
1405.739
1406.206
1407.156
1407.622
1408.089
1409.022
1409.489
1409.989
1410.922
1411.372
1411.839
1412.772
1413.239
1413.706
1414.656
1415.122
1415.589
1416.522
1416.989
1417.456
1430.989
1431.922
1432.855
1433.805
1434.755
1435.689
1436.622
1437.555
1438.505
1439.422
1440.355
1441.305
1442.255
1443.189
1444.139
1445.055
1445.505
1445.972
1446.205
1446.455
1446.922
1447.389
1447.639
1447.855
1448.322
1448.789
1449.255
1449.755
1449.972
1450.205
1450.689
1451.172
1452.105
1452.555
1453.039
1453.489
1453.722
1453.955
1454.439
1454.905
1455.139
1455.372
1455.822
1456.289
1456.755
1457.222
1457.455
1457.689
1458.172
1458.639
1458.872
1459.105
1459.572
1460.055
1460.555
1461.022
1461.505
1461.955
1462.205
1462.422
1462.655
1462.889
1463.355
1463.839
1464.305
1464.772
1465.239
1465.705
1465.955
1466.172
1466.422
1466.655
1467.122
1467.622
1468.072
1468.539
1469.005
1469.722
1469.972
1470.172
1470.405
1470.905
1471.355
1471.822
1472.289
1472.739
1473.205
1473.455
1473.672
1473.905
1474.139
1474.605
1475.072
1475.555
1475.789
1476.022
1476.489
1476.739
1476.955
1477.439
1477.672
1477.905
1478.372
1478.605
1478.839
1479.305
1479.539
1479.772
1480.239
1480.489
1480.722
1481.189
1481.422
1481.655
1482.122
1482.355
1482.589
1483.089
1483.322
1483.555
1484.022
1484.289
1484.505
1484.955
1485.205
1485.422
1485.905
1486.172
1486.422
1486.839
1487.072
1487.305
1487.772
1488.005
1488.272
1488.689
1488.922
1489.155
1489.605
1489.839
1490.055
1490.522
1490.972
1491.422
1491.855
1492.305
1492.739
1493.172
1493.605
1494.038
1494.472
1494.888
1495.305
1495.722
1496.122
1496.538
1496.955
1497.372
1497.755
1498.138
1498.588
1498.922
1499.355
1499.738
1500.105
1500.488
1500.855
1501.238
1501.605
1501.972
1502.338
1502.705
1503.072
1503.472
1503.938
1504.205
1504.888
1505.122
1505.822
1506.038
1506.755
1506.972
1507.672
1507.922
1508.622
1508.855
1509.555
1509.788
1510.488
1510.722
1511.438
1511.655
1512.372
1512.622
1513.305
1513.538
1514.238
1514.505
1515.405
1516.138
1516.355
1517.072
1517.322
1518.022
1518.472
1518.938
1519.405
1519.872
1520.338
1520.805
1521.272
1521.755
1522.205
1522.688
1523.138
1523.605
1523.855
1524.072
1524.305
1524.538
1525.055
1525.472
1525.972
1526.422
1526.888
1527.372
1527.838
1528.288
1528.755
1529.238
1529.688
1530.155
1530.622
1531.105
1531.355
1531.572
1531.805
1532.038
1532.505
1532.972
1533.472
1533.755
1533.938
1534.405
1534.638
1534.872
1535.355
1535.588
1535.838
1536.288
1536.522
1536.755
1537.272
1537.688
1538.155
1538.622
1538.872
1539.105
1539.322
1539.555
1540.005
1540.505
1540.955
1541.438
1541.888
1542.355
1542.855
1543.288
1543.755
1544.238
1544.705
1545.222
1545.638
1546.105
1546.355
1546.572
1546.838
1547.038
1547.505
1547.988
1548.455
1548.705
1548.955
1549.155
1549.388
1549.622
1549.872
1550.338
1550.572
1550.822
1551.055
1551.288
1551.555
1551.755
1551.988
1552.222
1552.455
1552.688
1552.922
1553.172
1553.405
1553.622
1553.855
1554.088
1554.322
1554.555
1554.821
1555.088
1555.271
1555.505
1555.738
1555.971
1556.188
1556.421
1556.655
1556.888
1557.121
1557.371
1557.588
1557.821
1558.055
1558.288
1558.521
1558.771
1559.005
1559.238
1559.471
1559.705
1559.938
1560.188
1560.405
1560.638
1560.871
1561.105
1561.338
1561.621
1561.805
1562.038
1562.271
1562.755
1562.988
1563.221
1563.455
1563.921
1564.155
1564.388
1564.855
1565.321
1565.555
1565.788
1566.255
1566.755
1567.221
1567.688
1567.921
1568.155
1568.621
1569.088
1569.338
1569.555
1570.021
1570.505
1570.971
1571.438
1571.705
1571.905
1572.371
1572.821
1573.288
1573.755
1574.238
1574.705
1575.171
1575.405
1575.655
1576.105
1576.605
1576.805
1577.071
1577.538
1577.988
1578.455
1578.955
1579.388
1579.855
1580.321
1580.788
1581.321
1581.755
1582.205
1582.671
1583.155
1583.621
1584.088
1584.555
1585.021
1585.505
1585.971
1586.438
1586.905
1587.371
1587.838
1588.305
1588.771
1589.255
1589.705
1590.171
1590.638
1591.105
1591.571
1592.038
1592.505
1592.988
1612.538
1613.005
1613.488
1613.988
1614.421
1614.888
1615.355
1615.821
1616.304
1616.771
1617.238
1617.688
1618.154
1618.621
1619.088
1619.571
1620.038
1620.488
1620.971
1621.438
1621.904
1622.371
1622.838
1623.338
1623.771
1624.238
1624.721
1625.188
1625.654
1626.138
1626.588
1627.088
1627.538
1628.004
1628.488
1629.454
1629.938
1630.388
1630.871
1631.304
1631.804
1632.238
1632.704
1633.171
1633.638
1634.088
1634.588
1635.038
1635.488
1635.971
1636.438
1636.904
1637.371
1637.838
1638.304
1638.771
1639.721
1640.188
1640.421
1640.654
1640.888
1641.121
1641.354
1641.588
1641.821
1642.054
1642.288
1642.988
1643.288
1643.504
1643.938
1644.221
1644.404
1644.888
1645.121
1645.354
1645.821
1646.054
1646.304
1646.754
1647.038
1647.238
1647.704
1647.954
1648.171
1648.654
1649.571
1649.804
1650.038
1650.554
1650.771
1650.971
1651.438
1651.671
1651.904
1652.371
1652.621
1652.871
1653.304
1653.538
1653.771
1654.238
1654.771
1655.421
1655.671
1656.121
1656.354
1656.588
1657.054
1657.288
1657.521
1657.988
1658.238
1658.471
1658.938
1659.171
1659.421
1659.871
1660.121
1660.338
1660.804
1661.038
1661.288
1661.771
1662.004
1662.238
1662.704
1662.938
1663.171
1663.638
1663.871
1664.104
1664.571
1664.821
1665.038
1665.504
1665.754
1666.004
1666.454
1666.688
1666.938
1667.371
1667.604
1667.838
1668.354
1668.554
1668.821
1669.238
1669.488
1669.721
1670.188
1670.421
1670.671
1671.154
1671.354
1671.621
1672.054
1672.304
1680.037
1680.737
1681.687
1681.921
1682.621
1683.554
1683.821
1684.471
1685.421
1685.654
1686.354
1687.287
1687.521
1688.221
1689.171
1689.404
1690.104
1691.037
1691.271
1691.987
1692.921
1693.154
1693.854
1694.804
1695.037
1695.504
1695.987
1696.454
1696.921
1697.387
1697.854
1698.321
1698.787
1699.254
1699.737
1700.204
1700.671
1701.121
1701.587
1702.054
1702.521
1702.987
1703.471
1703.937
1704.421
1704.871
1705.337
1705.804
1706.271
1706.737
1707.237
1707.687
1708.154
1708.621
1709.087
1709.554
1713.787
1714.021
1714.254
1714.737
1714.971
1715.204
1715.671
1716.137
1716.604
1717.071
1717.521
1717.754
1717.987
1718.504
1718.737
1718.937
1719.871
1720.337
1720.804
1721.271
1721.504
1721.737
1722.237
1722.454
1722.687
1723.154
1723.621
1724.087
1724.554
1725.021
1725.254
1725.487
1725.971
1726.204
1726.437
1726.904
1727.371
1727.837
1728.321
1728.787
1729.021
1729.287
1729.737
1729.987
1730.237
1730.671
1731.137
1731.604
1732.071
1732.537
1732.771
1733.004
1733.504
1733.721
1733.954
1734.404
1734.871
1735.337
1735.804
1736.271
1736.504
1736.737
1737.221
1737.454
1737.704
1738.170
1738.620
1739.087
1739.570
1740.037
1740.270
1740.487
1740.970
1741.204
1741.437
1741.904
1742.370
1742.837
1743.304
1743.787
1744.237
1744.754
1745.204
1745.670
1746.187
1746.604
1747.070
1747.537
1747.770
1748.004
1748.254
1748.487
1748.720
1748.954
1749.187
1749.420
1749.654
1749.887
1750.120
1750.354
1750.587
1750.804
1751.037
1751.270
1751.737
1752.237
1752.687
1753.154
1753.620
1754.087
1754.554
1755.020
1755.254
1755.487
1755.737
1755.970
1756.204
1756.470
1756.670
1756.904
1757.137
1757.370
1757.604
1757.837
1758.070
1758.304
1758.537
1758.770
1759.237
1759.720
1760.187
1760.654
1761.120
1761.604
1762.070
1762.537
1762.770
1763.004
1763.254
1763.520
1763.720
1763.954
1764.187
1764.420
1764.654
1764.887
1765.120
1765.354
1765.587
1765.820
1766.054
1766.287
1766.754
1767.237
1767.687
1768.154
1768.620
1769.087
1769.554
1770.020
1770.254
1770.487
1770.737
1770.970
1771.204
1771.437
1771.670
1771.904
1772.137
1772.370
1772.604
1772.837
1773.070
1773.304
1773.537
1781.304
1781.987
1782.937
1783.170
1783.870
1784.787
1785.020
1785.754
1786.670
1786.904
1787.604
1788.537
1788.804
1789.487
1790.437
1790.654
1791.370
1792.287
1792.537
1793.237
1794.170
1794.404
1795.137
1796.070
1796.287
1796.770
1797.237
1797.720
1798.170
1798.653
1799.103
1799.570
1800.053
1800.520
1800.970
1801.437
1801.903
1802.370
1802.837
1803.303
1803.787
1804.237
1804.737
1805.187
1805.653
1806.120
1806.587
1807.053
1807.520
1807.987
1808.470
1808.937
1809.403
1809.870
1810.337
1810.803
1815.070
1815.270
1815.503
1816.037
1816.220
1816.453
1816.937
1817.387
1817.837
1818.320
1818.820
1819.003
1819.237
1819.720
1819.953
1820.187
1820.653
1821.120
1821.603
1822.053
1822.520
1822.753
1823.003
1823.470
1823.703
1823.937
1824.403
1824.870
1825.353
1825.803
1826.287
1826.537
1826.737
1827.220
1827.453
1827.687
1828.170
1828.687
1829.103
1829.570
1830.053
1830.270
1830.503
1830.987
1831.220
1831.453
1831.920
1832.387
1832.853
1833.320
1833.787
1834.020
1834.237
1834.720
1834.953
1835.203
1835.670
1836.137
1836.587
1837.053
1837.520
1837.753
1837.987
1838.470
1838.703
1838.937
1839.403
1839.870
1840.337
1840.803
1841.287
1841.503
1841.737
1842.237
1842.470
1842.687
1843.153
1843.620
1844.553
1845.053
1845.503
1846.003
1846.453
1846.920
1847.387
1847.853
1848.320
1848.787
1849.020
1849.253
1849.503
1849.737
1849.970
1850.203
1850.437
1850.670
1850.887
1851.120
1851.353
1851.587
1851.820
1852.053
1852.287
1852.520
1852.987
1853.470
1853.937
1854.420
1854.870
1855.337
1855.803
1856.270
1856.503
1856.737
1856.987
1857.220
1857.453
1857.703
1857.937
1858.153
1858.387
1858.620
1858.853
1859.087
1859.320
1859.553
1859.803
1860.053
1860.503
1860.970
1861.486
1862.403
1862.853
1863.320
1863.786
1864.020
1864.253
1864.503
1864.736
1864.970
1865.203
1865.436
1865.686
1865.903
1866.136
1866.386
1866.603
1866.836
1867.070
1867.303
1867.536
1867.986
1868.470
1868.936
1869.403
1869.870
1870.336
1870.803
1871.270
1871.503
1871.753
1871.986
1872.236
1872.453
1872.686
1872.936
1873.153
1873.386
1873.620
1873.870
1874.086
1874.336
1874.570
1874.786
1875.020
1875.253
1875.486
1875.970
1876.203
1876.436
1876.903
1877.136
1877.370
1877.836
1878.070
1878.320
1878.786
1879.020
1879.253
1879.736
1879.970
1880.203
1880.670
1880.903
1881.136
1881.603
1881.836
1882.070
1882.536
1882.770
1883.003
1883.486
1883.720
1883.953
1884.403
1884.636
1884.870
1885.336
1885.570
1885.803
1886.270
1886.503
1886.736
1887.220
1887.453
1887.686
1888.153
1888.386
1888.620
1889.086
1889.320
1889.553
1890.020
1890.253
1890.970
1891.203
1891.903
1892.136
1892.836
1893.070
1893.770
1894.003
1894.720
1894.970
1895.670
1895.903
1896.603
1896.836
1897.536
1897.770
1898.486
1898.720
1899.420
1899.653
1900.353
1900.586
1901.270
1901.503
1902.220
1902.453
1903.153
1903.386
1904.086
1904.320
1905.020
1905.486
1905.970
1906.436
1906.903
1907.370
1907.836
1908.303
1908.770
1909.236
1909.736
1910.186
1910.653
1911.136
1911.603
1912.070
1912.536
1913.003
1913.470
1913.953
1914.420
1914.886
1915.353
1915.820
1916.286
1916.753
1917.220
1917.686
1918.153
1918.620
1919.086
1919.553
1920.020
1920.486
1920.969
1921.436
1921.903
1922.369
1922.836
1923.303
1923.786
1924.236
1924.703
1925.186
1925.653
1926.119
1926.586
1927.053
1927.519
1928.003
1928.469
1928.953
1929.419
1929.886
1930.353
1930.819
1931.286
1931.753
1932.219
1932.703
1933.169
1933.636
1934.136
1934.553
1948.703
1949.169
1949.636
1950.103
1950.586
1951.036
1951.503
1951.969
1952.453
1952.919
1953.403
1953.853
1954.319
1954.786
1955.253
1955.736
1956.186
1956.686
1957.153
1957.636
1958.103
1958.536
1959.003
1959.469
1959.936
1960.419
1960.903
1961.353
1961.853
1962.303
1962.753
1963.236
1963.719
1963.936
1964.169
1965.569
1965.803
1966.036
1967.469
1967.686
1967.919
1969.319
1969.553
1969.786
1971.186
1971.436
1971.669
1973.069
1973.369
1973.553
1974.936
1975.186
1975.436
1976.836
1977.053
1977.286
1978.686
1978.936
1979.169
1979.403
1979.653
1980.569
1980.803
1981.036
1981.269
1981.502
1982.486
1982.686
1982.919
1983.152
1983.402
1984.319
1984.569
1984.836
1985.019
1985.269
1986.186
1986.436
1986.669
1986.902
1987.186
1988.069
1988.302
1988.536
1988.786
1989.002
1989.952
1990.202
1990.452
1990.652
1990.886
1993.719
1994.169
1994.652
1995.119
1996.052
1996.502
1997.452
1997.919
1998.386
1998.852
1999.336
1999.786
2000.719
2001.669
2002.152
2002.636
2003.102
2003.552
2004.052
2004.519
2004.952
2005.419
2005.886
2006.352
2006.836
2007.302
2007.752
2008.219
2008.702
2008.936
2010.569
2010.802
2012.452
2012.686
2014.319
2014.552
2016.202
2016.436
2018.069
2018.302
2019.952
2020.186
2021.819
2022.052
2023.736
2024.652
2025.586
2026.519
2027.452
2028.386
2029.319
2030.252
2031.202
2032.152
2033.069
2034.002
2034.986
2035.902
2036.819
2037.752
2038.702
2039.169
2039.636
2040.119
2040.586
2041.036
2041.502
2041.969
2042.452
2042.935
2043.385
2043.852
2044.319
2044.785
2045.252
2045.719
2046.202
2046.669
2047.135
2047.602
2048.069
2048.535
2049.002
2049.469
2049.952
2050.419
2050.885
2051.352
2051.819
2052.285
2052.752
2053.219
2053.702
2053.935
2054.202
2054.402
2054.652
2054.869
2055.102
2055.335
2055.569
2055.802
2056.035
2056.269
2056.519
2056.752
2056.985
2057.235
2057.452
2057.685
2057.919
2058.152
2058.385
2058.619
2058.852
2059.085
2059.319
2059.552
2059.785
2060.019
2060.252
2060.485
2060.719
2060.969
2061.219
2061.435
2061.685
2061.902
2062.152
2062.369
2062.652
2062.835
2063.069
2063.302
2063.569
2063.769
2064.002
2064.235
2064.469
2064.719
2064.969
2065.185
2065.419
2065.652
2065.885
2066.119
2066.352
2066.585
2066.835
2068.702
2068.985
2069.169
2069.419
2069.635
2070.119
2070.569
2070.802
2071.069
2071.302
2071.502
2071.969
2072.452
2072.735
2072.919
2073.152
2073.402
2073.869
2074.552
2074.785
2075.019
2075.252
2075.719
2076.202
2076.669
2076.902
2077.135
2077.619
2078.085
2078.535
2078.769
2079.002
2079.485
2079.952
2080.419
2080.652
2080.885
2081.352
2081.819
2082.285
2082.519
2082.752
2083.219
2083.702
2084.169
2084.419
2084.635
2085.102
2085.569
2085.802
2086.035
2086.269
2086.502
2087.002
2087.452
2087.685
2087.919
2088.152
2088.385
2088.852
2089.319
2089.552
2089.785
2090.035
2090.269
2090.735
2091.202
2091.669
2091.902
2092.135
2092.602
2093.069
2093.535
2093.785
2094.052
2094.485
2094.952
2095.435
2095.685
2095.885
2096.352
2096.819
2097.052
2097.285
2097.519
2097.802
2098.235
2098.702
2098.935
2099.169
2099.402
2099.635
2099.869
2100.102
2100.335
2100.569
2100.802
2101.035
2101.269
2101.502
2101.735
2101.985
2102.219
2102.452
2102.685
2102.919
2103.152
2103.385
2103.618
2103.852
2104.118
2104.318
2104.552
2104.785
2105.018
2105.252
2105.485
2105.735
2105.968
2106.202
2106.435
2106.685
2107.152
2107.385
2107.602
2108.068
2108.335
2108.535
2109.018
2109.235
2109.502
2109.952
2110.185
2110.418
2110.885
2111.118
2111.352
2111.835
2112.052
2112.318
2112.768
2112.985
2113.235
2113.718
2113.935
2114.185
2114.635
2114.868
2115.152
2115.568
2115.802
2116.035
2116.502
2116.735
2117.002
2117.452
2117.685
2117.918
2118.385
2118.618
2118.852
2119.318
2119.552
2119.785
2120.252
2120.485
2120.735
2121.202
2121.668
2122.135
2122.618
2123.085
2123.552
2124.018
2124.485
2124.952
2125.418
2125.885
2126.385
2126.818
2127.285
2127.752
2128.235
2128.702
2130.585
2132.452
2134.318
2136.218
2138.085
2139.952
2141.818
2142.085
2143.735
2144.168
2144.635
2145.118
2145.585
2146.052
2146.535
2147.002
2147.452
2147.918
2148.435
2149.318
2149.785
2150.268
2150.785
2151.218
2151.485
2151.685
2153.068
2153.302
2153.535
2154.952
2155.185
2155.418
2156.835
2157.068
2157.318
2158.702
2159.168
2160.568
2160.802
2161.035
2162.452
2162.685
2162.918
2163.385
2163.618
2163.852
2164.318
2164.551
2164.785
2165.251
2165.501
2165.735
2166.201
2166.485
2166.685
2167.135
2167.368
2167.601
2168.068
2168.318
2168.568
2169.251
2169.485
2170.185
2170.418
2170.885
2171.135
2171.351
2171.818
2172.051
2172.301
2172.751
2173.001
2173.235
2173.751
2174.185
2174.651
2175.101
2175.568
2176.035
2176.501
2176.985
2177.451
2177.935
2178.385
2178.885
2179.318
2179.818
2180.251
2180.735
2181.201
2181.668
2181.918
2182.135
2182.368
2182.618
2182.835
2183.068
2183.301
2183.535
2183.818
2184.001
2184.251
2184.485
2184.718
2184.951
2185.185
2185.451
2185.651
2185.885
2186.118
2186.368
2186.585
2188.718
2188.935
2189.168
2189.401
2189.635
2190.118
2190.585
2190.835
2191.035
2191.268
2191.518
2191.985
2192.451
2192.685
2192.918
2193.201
2193.385
2193.851
2194.335
2194.601
2194.785
2195.018
2195.318
2195.751
2196.235
2196.668
2196.901
2197.135
2197.601
2198.068
2198.535
2198.768
2199.018
2199.485
2199.951
2200.418
2200.651
2200.901
2201.351
2201.818
2202.285
2202.518
2202.768
2203.235
2203.701
2203.935
2204.201
2204.635
2204.885
2205.101
2205.568
2205.801
2206.051
2206.568
2206.801
2207.001
2207.685
2207.935
2208.385
2208.618
2208.851
2209.318
2209.551
2209.785
2210.268
2210.501
2210.735
2211.201
2211.435
2211.668
2211.901
2212.135
2212.601
2213.068
2213.301
2213.535
2213.818
2214.018
2214.485
2214.951
2215.185
2215.418
2215.651
2215.901
2216.351
2216.818
2217.051
2217.285
2217.518
2217.768
2218.235
2218.701
2219.168
2219.401
2219.635
2220.101
2220.568
2221.035
2221.268
2221.518
2221.985
2222.451
2222.918
2223.151
2223.385
2223.868
2224.318
2224.785
2225.018
2225.268
2225.751
2226.201
2226.451
2226.668
2227.151
2227.384
2227.601
2228.068
2228.301
2228.534
2229.018
2229.251
2229.484
2229.951
2230.184
2230.418
2230.884
2231.118
2231.351
2231.818
2232.051
2232.284
2232.784
2233.001
2233.234
2233.701
2233.934
2234.168
2234.401
2234.634
2234.868
2235.118
2235.351
2235.568
2235.818
2236.034
2236.268
2236.518
2236.751
2236.984
2237.218
2237.451
2237.684
2237.918
2238.151
2238.384
2238.618
2238.868
2239.101
2239.318
2239.784
2240.084
2240.334
2240.751
2241.201
2241.668
2241.901
2242.134
2242.368
2242.601
2243.068
2243.301
2243.534
2243.784
2244.018
2244.251
2244.484
2244.718
2244.951
2245.184
2245.418
2245.651
2245.884
2246.118
2246.351
2246.584
2246.818
2247.051
2247.301
2247.568
2247.801
2248.051
2248.234
2248.468
2248.718
2249.168
2249.401
2249.651
2250.101
2250.584
2251.034
2251.284
2251.518
2251.984
2252.451
2252.918
2253.151
2253.384
2253.851
2254.318
2254.818
2255.034
2255.268
2255.734
2256.668
2256.918
2257.601
2258.068
2258.534
2258.784
2259.018
2259.484
2259.951
2260.418
2260.668
2260.901
2261.834
2262.284
2262.534
2262.768
2263.234
2263.701
2264.168
2264.634
2265.101
2265.568
2266.034
2266.518
2266.984
2267.451
2267.918
2268.384
2268.851
2269.318
2269.784
2270.268
2270.734
2271.201
2271.668
2272.134
2273.068
2273.584
2274.034
2274.951
2275.434
2275.918
2276.818
2277.301
2277.784
2278.734
2278.934
2280.568
2280.801
2282.451
2282.684
2284.318
2284.551
2286.201
2286.451
2288.067
2288.317
2289.951
2290.201
2291.817
2292.084
2293.701
2293.951
2295.567
2297.451
2299.317
2301.217
2303.101
2304.951
2306.817
2320.801
2322.684
2324.551
2326.434
2328.301
2329.251
2330.167
2331.117
2332.034
2333.001
2333.917
2334.851
2335.334
2335.567
2335.801
2336.267
2336.751
2337.217
2337.684
2338.151
2338.617
2339.134
2339.584
2340.017
2340.501
2340.967
2341.434
2341.901
2342.367
2342.834
2343.334
2343.767
2344.251
2344.734
2345.201
2345.651
2346.117
2346.567
2347.517
2347.984
2348.450
2348.917
2349.150
2349.384
2349.617
2349.850
2350.117
2350.784
2351.017
2351.250
2351.717
2352.684
2352.917
2353.150
2353.617
2354.550
2354.800
2355.017
2355.484
2356.434
2356.667
2356.900
2357.367
2358.300
2358.767
2359.000
2359.250
2359.717
2360.184
2360.650
2360.884
2361.117
2361.584
2362.050
2362.517
2362.750
2362.967
2363.450
2364.150
2364.617
2364.850
2365.317
2365.784
2366.250
2366.484
2366.717
2367.200
2367.667
2368.134
2368.367
2368.617
2369.084
2369.550
2370.034
2370.250
2370.484
2370.967
2371.434
2371.667
2371.900
2372.367
2372.600
2372.834
2373.300
2373.767
2374.000
2374.234
2374.717
2375.184
2375.650
2375.884
2376.117
2376.584
2377.050
2377.767
2377.984
2378.467
2378.934
2379.167
2379.617
2379.850
2380.317
2380.784
2381.250
2381.717
2382.200
2382.667
2382.984
2383.334
2383.584
2384.050
2384.534
2385.000
2385.484
2385.967
2386.434
2386.750
2387.100
2387.350
2387.817
2388.300
2388.767
2389.234
2389.717
2390.184
2390.500
2390.850
2391.100
2391.567
2392.067
2392.517
2392.984
2393.467
2393.934
2394.267
2394.600
2394.850
2395.317
2395.800
2396.250
2396.500
2396.717
2397.200
2397.667
2398.134
2398.367
2398.600
2399.067
2399.534
2400.000
2400.234
2400.467
2400.950
2401.417
2401.884
2402.134
2402.367
2402.834
2403.300
2403.767
2404.000
2404.234
2404.717
2405.184
2405.650
2405.884
2406.117
2406.584
2407.050
2407.517
2407.784
2407.984
2408.467
2408.933
2409.183
2409.633
2409.867
2410.333
2410.800
2411.033
2411.267
2411.733
2412.217
2412.450
2412.683
2412.900
2413.133
2413.600
2414.067
2414.533
2414.767
2415.000
2415.467
2415.950
2416.183
2416.417
2416.650
2416.883
2417.350
2417.833
2418.283
2418.517
2418.767
2419.233
2419.733
2419.950
2420.200
2420.417
2420.650
2421.117
2421.583
2422.050
2422.283
2422.517
2423.017
2423.233
2423.467
2423.950
2424.167
2424.633
2424.867
2425.333
2425.800
2426.033
2426.267
2426.733
2426.983
2427.217
2427.683
2427.917
2428.150
2428.617
2428.850
2429.083
2429.550
2429.767
2430.000
2430.467
2430.717
2430.967
2431.417
2431.650
2431.883
2432.350
2432.583
2432.817
2433.283
2433.517
2433.750
2434.217
2434.467
2434.700
2435.167
2435.417
2435.650
2436.117
2436.383
2436.600
2437.050
2437.283
2437.517
2437.983
2438.233
2438.467
2438.933
2439.167
2439.400
2439.633
2439.867
2440.100
2440.333
2440.800
2441.033
2441.733
2442.017
2442.683
2442.917
2443.617
2443.883
2444.550
2444.783
2445.483
2445.733
2446.417
2446.650
2447.367
2447.583
2448.283
2448.750
2449.233
2449.700
2450.167
2450.633
2451.100
2451.567
2452.050
2452.517
2452.983
2453.467
2453.933
2454.400
2454.867
2455.333
2455.800
2456.267
2456.733
2457.217
2457.683
2458.150
2458.617
2459.083
2459.550
2460.017
2460.483
2460.967
2461.433
2462.133
2462.600
2463.283
2463.517
2463.750
2464.217
2464.700
2464.933
2465.167
2465.400
2465.633
2466.100
2466.567
2467.033
2467.267
2467.500
2467.967
2468.450
2468.750
2468.950
2469.200
2469.416
2469.866
2470.333
2470.816
2471.033
2471.266
2471.733
2472.216
2472.483
2472.700
2472.916
2473.150
2473.616
2474.083
2474.550
2474.783
2475.016
2475.483
2475.966
2476.216
2476.450
2476.666
2476.900
2477.366
2477.866
2478.300
2478.533
2479.233
2480.200
2480.400
2481.100
2482.033
2482.266
2482.966
2483.916
2484.150
2484.850
2485.800
2486.066
2486.383
2486.733
2486.983
2487.683
2487.933
2488.266
2488.616
2488.850
2489.550
2489.783
2490.133
2490.483
2490.733
2491.450
2491.583
2491.683
2491.900
2492.133
2492.366
2492.600
2493.300
2493.533
2493.766
2494.000
2494.233
2494.483
2494.716
2494.950
2495.183
2495.416
2495.650
2495.883
2496.116
2496.350
2496.566
2496.800
2497.033
2497.266
2497.500
2497.733
2497.966
2498.216
2498.450
2498.683
2498.933
2499.150
2499.400
2499.616
2499.850
2500.083
2500.316
2500.550
2500.783
2501.016
2501.266
2501.483
2501.716
2501.966
2502.500
2502.733
2502.933
2503.150
2503.400
2503.633
2503.866
2504.083
2504.316
2504.550
2504.783
2505.016
2505.250
2505.483
2505.733
2505.966
2506.200
2506.433
2506.683
2507.150
2507.366
2507.833
2508.300
2508.533
2509.233
2510.200
2510.416
2511.116
2512.066
2512.283
2512.966
2513.916
2514.150
2514.850
2515.083
2515.783
2516.016
2516.716
2516.966
2517.666
2517.900
2518.600
2518.850
2519.550
2519.783
2520.483
2520.733
2521.433
2521.666
2522.133
2522.366
2522.833
2523.300
2523.583
2523.800
2524.016
2524.250
2524.466
2524.733
2525.000
2525.216
2525.433
2525.650
2525.883
2526.133
2526.350
2526.583
2526.816
2527.050
2527.283
2527.516
2527.750
2527.983
2528.216
2528.466
2528.700
2528.933
2529.166
2529.400
2529.633
2529.850
2530.083
2530.316
2530.549
2530.783
2531.016
2531.249
2531.483
2531.716
2531.949
2532.199
2532.433
2532.683
2532.899
2533.149
2533.366
2533.599
2533.833
2534.066
2534.299
2534.533
2534.766
2534.999
2535.233
2535.483
2535.733
2535.966
2536.199
2536.433
2536.666
2537.133
2537.366
2537.833
2538.299
2538.766
2539.233
2539.716
2540.183
2540.649
2541.116
2541.583
2542.049
2542.516
2542.983
2543.466
2543.933
2544.399
2544.883
2545.333
2545.799
2546.266
2546.716
2547.199
2547.666
2548.133
2548.599
2549.066
2549.533
2549.999
2550.466
2550.949
2551.649
2552.133
2552.366
2552.833
2553.299
2553.533
2554.233
2554.716
2555.183
2555.449
2556.116
2556.583
2557.049
2557.283
2557.983
2558.466
2558.933
2559.166
2559.866
2560.333
2560.799
2561.033
2561.733
2562.683
2562.916
2563.599
2564.533
2564.766
2565.466
2566.416
2566.649
2567.349
2568.299
2568.516
2570.183
2570.416
2572.049
2572.283
2573.933
2575.799
2577.683
2579.549
2581.416
2583.283
2585.166
2587.049
2588.933
2602.832
2604.699
2606.582
2608.466
2610.332
2612.199
2614.082
2615.966
2617.832
2618.299
2618.766
2619.232
2619.716
2620.182
2620.649
2621.116
2621.582
2622.049
2622.516
2622.982
2623.466
2623.932
2624.399
2624.866
2625.332
2625.566
2625.799
2626.049
2626.266
2626.499
2626.732
2626.982
2627.216
2627.449
2627.682
2627.916
2628.132
2628.399
2628.599
2628.849
2629.066
2629.249
2629.549
2629.666
2629.782
2629.899
2630.032
2630.132
2630.266
2630.382
2630.499
2630.616
2630.732
2630.849
2630.966
2631.082
2631.216
2631.316
2631.466
2631.682
2631.799
2631.966
2632.166
2632.266
2632.849
2633.299
2633.532
2633.766
2634.232
2634.716
2635.182
2635.416
2635.649
2636.116
2636.582
2637.049
2637.282
2637.516
2637.999
2638.466
2638.932
2639.166
2639.399
2639.866
2640.349
2640.816
2641.032
2641.266
2641.749
2642.216
2642.682
2642.916
2643.149
2643.632
2644.082
2644.549
2644.782
2644.999
2645.499
2645.949
2646.082
2646.299
2646.432
2646.649
2646.916
2647.132
2647.366
2647.832
2648.299
2648.532
2648.782
2649.016
2649.249
2649.716
2650.182
2650.416
2650.666
2650.882
2651.116
2651.582
2652.049
2652.282
2652.515
2652.765
2653.015
2653.482
2653.932
2654.165
2654.399
2654.649
2654.865
2655.332
2655.799
2656.032
2656.265
2656.515
2656.749
2657.215
2657.682
2657.915
2658.149
2658.399
2658.615
2659.082
2659.549
2659.782
2660.015
2660.265
2660.499
2660.965
2661.315
2661.465
2661.649
2661.882
2662.115
2662.349
2662.815
2663.282
2663.565
2663.815
2664.015
2664.249
2664.482
2664.715
2664.949
2665.182
2665.415
2665.649
2665.899
2666.115
2666.399
2666.582
2666.815
2667.049
2667.332
2667.532
2667.765
2667.999
2668.232
2668.499
2668.699
2669.415
2669.632
2669.865
2670.099
2670.332
2670.565
2670.799
2671.049
2671.315
2671.549
2671.749
2671.982
2672.215
2672.449
2672.682
2672.915
2673.165
2673.382
2673.615
2673.849
2674.082
2674.315
2674.549
2674.799
2675.032
2675.265
2675.499
2675.732
2675.965
2676.199
2676.432
2676.665
2676.915
2677.132
2685.365
2685.865
2686.099
2686.299
2686.532
2686.799
2687.315
2687.482
2687.599
2687.749
2687.999
2688.215
2688.449
2688.682
2689.115
2689.615
2689.849
2690.065
2690.282
2690.549
2691.032
2691.232
2691.349
2691.499
2691.965
2692.199
2692.432
2692.865
2693.365
2693.599
2693.799
2694.032
2694.299
2694.765
2694.965
2695.249
2695.482
2695.699
2695.932
2696.165
2697.132
2697.382
2697.565
2697.815
2698.049
2698.515
2698.732
2698.899
2699.015
2699.232
2699.465
2699.699
2699.932
2700.332
2700.582
2701.282
2701.515
2702.249
2702.465
2703.149
2703.382
2704.082
2704.332
2705.082
2705.299
2705.982
2706.199
2706.899
2707.132
2707.832
2708.082
2708.315
2708.782
2709.249
2709.715
2709.949
2710.182
2710.649
2711.132
2711.582
2711.815
2712.049
2712.515
2712.982
2713.448
2713.715
2713.932
2714.398
2714.865
2715.348
2715.598
2715.815
2716.282
2716.515
2716.748
2717.215
2717.448
2717.682
2718.148
2718.382
2718.615
2719.098
2719.332
2719.582
2720.048
2720.265
2720.498
2720.982
2721.465
2722.148
2722.365
2722.865
2723.315
2723.782
2724.248
2724.715
2725.182
2725.648
2726.115
2726.632
2727.065
2727.565
2727.998
2728.448
2728.932
2729.398
2730.382
2730.615
2730.832
2731.065
2731.282
2731.515
2731.748
2732.015
2732.215
2732.448
2732.682
2732.915
2733.165
2733.382
2733.615
2733.865
2734.098
2734.332
2734.565
2734.798
2735.032
2735.265
2735.498
2735.732
2735.982
2736.198
2736.432
2736.665
2736.915
2737.132
2737.898
2738.315
2738.548
2738.782
2739.248
2739.715
2740.182
2740.415
2740.648
2741.132
2741.598
2742.065
2742.298
2742.532
2743.048
2743.465
2743.948
2744.165
2744.398
2744.882
2745.348
2745.815
2746.032
2746.265
2746.732
2747.248
2747.698
2747.932
2748.148
2748.632
2749.565
2749.798
2750.032
2750.498
2750.965
2751.432
2751.665
2751.915
2752.132
2752.382
2753.332
2753.548
2753.782
2754.015
2754.248
2754.715
2755.232
2755.415
2755.648
2755.915
2756.132
2756.598
2757.065
2757.348
2757.532
2757.765
2757.998
2758.482
2758.932
2759.165
2759.398
2759.665
2759.898
2760.398
2760.848
2761.048
2761.282
2761.532
2761.732
2762.198
2762.665
2762.898
2763.132
2763.415
2763.615
2764.098
2764.565
2764.815
2765.048
2765.265
2765.498
2765.965
2766.315
2766.498
2766.665
2766.915
2767.165
2767.382
2767.865
2768.315
2768.548
2768.832
2769.065
2769.515
2769.765
2769.948
2770.198
2770.415
2770.665
2770.898
2771.132
2771.365
2771.598
2771.832
2772.065
2772.298
2772.548
2772.782
2772.998
2773.232
2773.465
2773.698
2773.965
2774.165
2774.415
2774.648
2774.881
2775.115
2775.815
2776.065
2776.281
2776.515
2776.748
2776.998
2777.215
2777.448
2777.698
2777.915
2778.165
2778.381
2778.615
2778.865
2779.081
2779.315
2779.548
2779.781
2780.015
2780.248
2780.498
2780.748
2780.998
2781.198
2781.431
2781.681
2781.915
2782.148
2800.515
2800.981
2801.465
2801.948
2802.431
2802.915
2803.381
2803.865
2804.348
2804.831
2805.315
2805.781
2806.265
2806.748
2807.215
2807.698
2808.165
2808.665
2809.148
2809.631
2810.115
2810.581
2811.065
2811.548
2812.031
2812.531
2812.998
2813.465
2813.981
2814.431
2814.915
2815.381
2815.865
2816.348
2816.831
2817.331
2817.798
2818.265
2818.748
2819.231
2819.715
2820.198
2820.665
2821.148
2821.631
2822.115
2822.598
2823.065
2823.548
2824.015
2824.498
2824.981
2825.465
2825.948
2826.431
2826.915
2827.398
2827.865
2828.348
2828.831
2829.315
2829.798
2830.265
2830.748
2831.231
2831.715
2831.948
2832.198
2832.665
2833.148
2833.631
2833.865
2834.115
2834.598
2835.064
2835.548
2835.798
2836.031
2836.514
2836.998
2837.464
2837.714
2837.948
2838.198
2838.431
2838.664
2838.914
2839.398
2839.631
2839.881
2840.364
2840.831
2841.298
2841.531
2841.781
2842.264
2842.748
2843.231
2843.464
2843.714
2843.948
2844.198
2844.431
2844.664
2846.598
2846.831
2847.064
2847.314
2847.548
2847.798
2848.048
2848.264
2848.514
2848.748
2849.031
2849.231
2849.464
2849.714
2849.948
2850.198
2850.431
2850.664
2850.914
2851.148
2851.398
2851.631
2851.864
2852.114
2852.348
2852.598
2852.831
2853.081
2853.314
2853.548
2853.798
2854.031
2854.264
2854.514
2854.748
2854.998
2855.231
2855.464
2855.714
2855.948
2856.198
2856.431
2856.664
2856.914
2857.148
2857.381
2857.614
2857.848
2858.098
2858.331
2858.598
2858.831
2859.064
2859.314
2859.548
2859.798
2860.031
2861.948
2862.198
2862.431
2862.664
2862.931
2863.148
2863.398
2863.631
2863.864
2864.114
2864.348
2864.598
2864.831
2865.064
2865.314
2865.548
2865.798
2866.031
2866.264
2866.514
2866.748
2866.998
2867.231
2867.464
2867.714
2867.948
2868.198
2868.431
2868.664
2868.914
2869.148
2869.398
2869.631
2869.864
2870.114
2870.348
2870.598
2870.831
2871.064
2871.314
2871.548
2871.798
2872.031
2872.264
2872.514
2872.748
2872.998
2873.231
2873.464
2877.314
2877.548
2877.798
2878.031
2878.264
2878.514
2878.748
2878.998
2879.231
2879.481
2879.714
2879.948
2880.198
2880.431
2880.681
2880.914
2881.148
2881.398
2881.631
2881.881
2882.114
2882.348
2882.598
2882.831
2883.081
2883.314
2883.548
2883.798
2884.031
2884.281
2884.514
2884.748
2884.998
2885.231
2885.481
2885.714
2885.948
2886.198
2886.431
2886.681
2886.914
2887.148
2887.398
2887.631
2887.881
2888.114
2888.348
2888.598
2888.831
2889.081
2889.314
2889.548
2889.798
2890.031
2890.281
2890.514
2890.731
2892.681
2892.914
2893.148
2893.398
2893.631
2893.881
2894.114
2894.348
2894.598
2894.831
2895.081
2895.314
2895.548
2895.797
2896.031
2896.281
2896.514
2896.747
2896.997
2897.231
2897.481
2897.714
2897.947
2898.197
2898.431
2898.681
2898.914
2899.147
2899.397
2899.631
2899.881
2900.114
2900.347
2900.597
2900.831
2901.081
2901.314
2901.547
2901.797
2902.031
2902.281
2902.514
2902.747
2902.997
2903.231
2903.481
2903.714
2903.947
2904.214
2904.431
2904.681
2904.914
2905.147
2905.397
2905.631
2905.881
2906.114
2908.014
2908.497
2908.997
2909.481
2909.947
2910.431
2910.914
2911.397
2911.881
2912.347
2912.864
2913.314
2913.814
2914.281
2914.747
2915.231
2915.714
2916.214
2916.681
2917.147
2917.631
2918.114
2918.614
2919.114
2919.581
2920.031
2920.531
2920.997
2921.497
2921.947
2922.431
2922.914
2923.397
2923.881
2924.331
2924.814
2925.314
2925.797
2926.281
2926.747
2927.231
2927.714
2928.197
2928.697
2929.147
2929.631
2930.131
2930.614
2931.081
2931.547
2932.031
2932.514
2933.031
2933.497
2933.947
2934.431
2934.914
2935.397
2935.897
2936.347
2936.831
2937.314
2937.797
2938.281
2938.747
2938.997
2939.231
2939.481
2939.714
2939.947
2940.197
2940.464
2940.681
2940.897
2941.131
2941.414
2941.614
2941.864
2942.114
2942.364
2942.614
2942.831
2943.081
2943.314
2943.564
2943.797
2944.031
2944.281
2944.514
2944.764
2944.997
2945.231
2945.481
2945.714
2945.964
2946.197
2946.431
2946.697
2946.914
2947.214
2947.397
2947.631
2947.914
2948.114
2948.364
2948.597
2948.831
2949.081
2949.331
2949.814
2950.047
2950.297
2950.514
2950.764
2950.997
2951.231
2951.481
2951.714
2951.964
2952.197
2954.114
2954.364
2954.597
2954.831
2955.081
2955.314
2955.564
2955.797
2956.031
2956.281
2956.514
2956.764
2956.997
2957.230
2957.464
2957.697
2957.947
2958.180
2958.414
2958.680
2958.914
2959.164
2959.397
2959.630
2959.880
2960.114
2960.364
2960.597
2960.864
2961.080
2961.314
2961.564
2961.797
2962.030
2962.280
2962.514
2962.764
2962.997
2963.230
2963.497
2963.714
2963.964
2964.197
2964.430
2964.680
2964.914
2965.164
2965.447
2965.630
2984.830
2985.314
2985.797
2986.280
2986.764
2987.230
2987.714
2988.197
2988.680
2989.164
2989.647
2990.164
2990.597
2991.064
2991.547
2992.030
2992.514
2992.997
2993.497
2993.964
2994.430
2994.930
2995.397
2995.897
2996.364
2996.830
2997.314
2997.797
2998.280
2998.764
2999.230
2999.714
3000.197
3000.697
3001.164
3001.647
3002.114
3002.597
3003.080
3003.564
3004.030
3004.530
3004.997
3005.480
3005.964
3006.447
3006.914
3007.380
3007.864
3008.347
3008.847
3009.314
3009.797
3010.280
3010.780
3011.247
3011.714
3012.197
3012.680
3013.180
3013.647
3014.114
3014.597
3015.080
3015.564
3016.064
3016.280
3016.530
3017.030
3017.514
3017.963
3018.197
3018.447
3018.913
3019.397
3019.930
3020.113
3020.363
3020.863
3021.313
3021.797
3022.047
3022.280
3022.530
3022.763
3022.997
3023.247
3023.713
3023.963
3024.197
3024.663
3025.147
3025.647
3025.880
3026.113
3026.597
3027.080
3027.563
3027.797
3028.047
3028.280
3028.513
3028.763
3028.997
3030.913
3031.163
3031.397
3031.647
3031.880
3032.113
3032.363
3032.597
3032.847
3033.080
3033.313
3033.563
3033.797
3034.047
3034.280
3034.513
3034.763
3034.997
3035.530
3035.713
3035.963
3036.197
3036.447
3036.680
3036.913
3037.163
3037.397
3037.647
3037.880
3038.113
3038.363
3038.597
3038.847
3039.080
3039.313
3039.597
3039.797
3040.047
3040.280
3040.513
3040.780
3040.980
3041.230
3041.463
3041.730
3041.947
3042.197
3042.447
3042.680
3042.913
3043.163
3043.397
3043.647
3043.880
3044.113
3044.363
3046.280
3046.513
3046.763
3046.997
3047.263
3047.480
3047.713
3047.963
3048.197
3048.447
3048.680
3048.913
3049.213
3049.397
3049.647
3049.880
3050.113
3050.363
3050.597
3050.847
3051.080
3051.313
3051.563
3051.797
3052.047
3052.280
3052.513
3052.763
3052.997
3053.247
3053.480
3053.713
3053.963
3054.197
3054.447
3054.680
3054.913
3055.163
3055.397
3055.647
3055.880
3056.113
3056.363
3056.597
3056.847
3057.080
3057.313
3057.547
3057.780
3061.647
3062.113
3062.630
3063.563
3064.047
3064.530
3065.497
3065.963
3066.947
3067.397
3067.880
3068.363
3068.847
3069.330
3069.797
3070.280
3070.797
3071.247
3071.730
3072.197
3072.680
3073.163
3073.647
3074.147
3074.597
3075.097
3075.580
3076.063
3076.530
3077.047
3077.530
3077.747
3077.963
3078.213
3079.163
3079.413
3079.646
3079.880
3080.146
3080.396
3080.630
3080.896
3081.096
3081.563
3081.796
3082.296
3082.563
3082.780
3082.996
3083.263
3083.496
3083.730
3083.980
3084.213
3084.446
3084.680
3084.930
3085.180
3085.430
3085.646
3085.913
3086.363
3086.630
3087.330
3087.580
3087.796
3088.080
3088.280
3088.530
3088.763
3089.030
3089.246
3089.496
3089.730
3089.963
3090.196
3090.446
3090.930
3091.146
3091.380
3091.646
3091.880
3092.130
3092.363
3092.613
3092.846
3093.096
3093.330
3093.563
3093.813
3094.063
3094.280
3094.796
3094.996
3095.246
3095.496
3095.763
3095.980
3096.196
3096.446
3096.680
3096.930
3097.180
3097.396
3097.646
3097.880
3098.130
3098.363
3098.596
3098.846
3099.080
3099.346
3099.563
3099.813
3100.046
3100.280
3100.530
3100.763
3100.996
3101.246
3101.480
3101.730
3101.963
3102.196
3102.446
3102.680
3102.930
3103.163
3103.396
3103.646
3103.880
3104.130
3104.363
3104.646
3104.880
3105.113
3105.346
3105.796
3106.046
3106.280
3106.530
3106.763
3106.996
3107.246
3107.463
3107.713
3107.963
3108.180
3108.430
3108.663
3108.930
3109.163
3109.396
3109.646
3109.896
3110.130
3110.363
3110.596
3110.846
3111.080
3111.330
3111.580
3111.796
3112.046
3112.296
3112.530
3112.763
3112.996
3113.246
3113.480
3113.746
3113.963
3114.196
3114.446
3114.680
3114.946
3115.163
3115.396
3115.646
3115.880
3116.130
3116.363
3116.596
3116.846
3117.080
3117.330
3117.580
3117.796
3118.046
3118.280
3118.530
3118.763
3118.996
3119.263
3119.496
3119.730
3119.996
3120.196
3120.446
3120.680
3120.930
3121.163
3121.396
3121.646
3121.880
3122.130
3122.363
3122.596
3122.846
3123.080
3123.563
3124.046
3124.513
3124.980
3125.480
3125.980
3126.446
3126.946
3127.163
3127.396
3127.896
3128.363
3128.846
3129.330
3129.813
3130.280
3130.763
3131.246
3131.730
3132.213
3132.680
3133.163
3133.646
3134.130
3134.613
3135.080
3135.563
3136.046
3136.530
3137.013
3137.480
3137.963
3138.446
3138.930
3139.413
3139.879
3140.363
3140.829
3141.313
3141.796
3142.279
3142.763
3143.246
3143.729
3144.213
3144.679
3145.163
3145.646
3146.146
3146.613
3147.096
3147.563
3148.046
3148.529
3149.013
3149.479
3149.979
3150.463
3150.929
3151.413
3151.879
3152.363
3152.846
3153.329
3176.046
3176.729
3177.079
3177.413
3177.813
3178.096
3178.446
3179.129
3179.479
3179.813
3180.163
3180.496
3180.846
3181.179
3181.529
3181.879
3182.213
3182.563
3182.896
3183.246
3183.579
3183.929
3184.279
3184.629
3184.963
3185.279
3185.629
3185.963
3186.313
3186.663
3186.996
3187.363
3187.696
3188.046
3188.379
3188.729
3189.079
3189.413
3189.763
3190.096
3190.446
3190.779
3191.129
3191.479
3191.813
3192.163
3192.496
3192.863
3193.179
3193.529
3193.879
3194.213
3194.563
3194.896
3195.246
3195.579
3195.929
3196.279
3197.996
3198.163
3198.346
3198.496
3198.679
3198.846
3199.013
3199.196
3199.363
3199.546
3199.696
3199.879
3200.063
3200.213
3200.429
3200.612
3200.729
3200.896
3201.079
3201.246
3201.412
3201.596
3201.762
3201.912
3202.079
3202.262
3202.429
3202.596
3202.779
3202.946
3203.112
3203.279
3203.462
3203.629
3203.796
3203.996
3204.162
3204.329
3204.496
3204.679
3204.846
3205.012
3205.196
3205.362
3205.529
3205.696
3205.879
3206.046
3206.212
3206.396
3206.562
3206.729
3206.896
3207.079
3207.246
3207.412
3207.596
3207.762
3207.929
3208.096
3208.279
3208.446
3208.612
3208.796
3208.962
3209.129
3209.296
3209.479
3209.646
3209.812
3209.996
3210.162
3210.329
3210.496
3210.679
3210.846
3211.012
3211.196
3211.362
3211.529
3211.696
3211.879
3212.046
3212.212
3212.396
3212.562
3212.729
3212.896
3213.079
3213.246
3213.412
3213.596
3213.762
3213.929
3214.096
3214.279
3214.446
3214.612
3214.796
3214.962
3215.129
3215.296
3215.479
3215.646
3215.812
3215.996
3216.162
3216.329
3216.496
3216.679
3216.846
3217.012
3217.196
3242.796
3243.262
3243.746
3244.196
3244.646
3245.112
3245.579
3246.029
3246.496
3246.962
3247.412
3247.879
3248.346
3248.812
3249.262
3249.729
3250.196
3250.646
3251.162
3251.579
3252.029
3252.496
3252.962
3253.396
3253.862
3254.812
3255.262
3255.712
3256.179
3256.629
3257.096
3257.562
3258.012
3258.479
3258.946
3259.396
3259.879
3260.346
3260.796
3261.262
3261.729
3262.195
3262.645
3263.112
3263.579
3264.029
3264.495
3264.962
3265.412
3265.895
3266.345
3266.795
3267.262
3267.729
3268.195
3268.645
3269.112
3269.579
3270.012
3272.329
3272.562
3272.795
3273.012
3273.245
3273.479
3273.712
3273.945
3274.179
3274.395
3274.629
3274.862
3275.095
3275.329
3275.562
3275.779
3276.012
3276.262
3276.495
3276.729
3276.962
3277.195
3277.412
3277.645
3277.879
3278.145
3278.379
3278.579
3278.812
3279.029
3279.262
3279.495
3279.729
3279.962
3280.195
3280.412
3280.645
3280.879
3281.112
3281.345
3281.629
3281.812
3282.029
3282.262
3282.495
3282.729
3282.962
3283.229
3283.412
3283.662
3283.879
3284.112
3284.345
3284.579
3284.795
3285.029
3285.295
3285.495
3285.729
3285.962
3286.179
3286.412
3286.629
3286.862
3287.095
3287.329
3287.562
3287.779
3288.012
3288.245
3288.512
3288.712
3288.945
3289.179
3289.429
3289.629
3289.862
3290.095
3290.329
3290.562
3290.812
3291.012
3291.245
3291.479
3291.712
3291.962
3292.162
3292.395
3292.629
3292.862
3293.112
3293.345
3293.579
3293.795
3294.029
3294.279
3294.495
3294.729
3294.962
3295.179
3295.412
3295.645
3295.879
3296.112
3296.345
3296.579
3296.795
3297.029
3297.262
3297.495
3297.729
3297.962
3298.179
3298.412
3298.645
3298.879
3299.112
3299.345
3299.579
3299.795
3300.029
3300.262
3300.495
3300.729
3300.962
3301.179
3301.412
3301.645
3301.879
3302.345
3302.795
3303.262
3303.712
3304.162
3304.629
3305.095
3305.562
3306.012
3306.479
3306.945
3307.395
3307.862
3308.362
3308.779
3309.245
3309.729
3310.229
3310.662
3311.112
3311.562
3312.029
3312.529
3312.962
3313.412
3313.879
3314.345
3316.645
3316.879
3317.112
3317.345
3317.562
3317.795
3318.029
3318.262
3318.495
3318.729
3318.962
3319.179
3319.412
3319.645
3319.879
3320.095
3320.329
3320.545
3320.812
3321.012
3321.245
3321.479
3321.712
3321.945
3322.162
3322.395
3322.628
3322.862
3323.095
3323.328
3323.545
3323.778
3324.012
3324.245
3324.478
3324.728
3324.945
3325.162
3325.395
3325.628
3325.862
3326.095
3326.345
3326.562
3326.795
3327.028
3327.262
3327.495
3327.728
3327.962
3328.178
3328.412
3328.645
3328.878
3329.112
3329.345
3329.562
3329.795
3330.028
3330.262
3330.495
3330.728
3330.945
3331.178
3331.412
3331.645
3331.878
3332.112
3332.345
3332.595
3332.795
3333.028
3333.262
3333.495
3333.728
3333.962
3334.178
3334.412
3334.645
3334.878
3335.112
3335.345
3335.562
3335.795
3336.028
3336.262
3336.495
3336.712
3336.928
3337.162
3337.395
3337.628
3337.862
3338.095
3338.328
3338.545
3338.778
3339.012
3339.245
3339.478
3339.712
3339.928
3340.162
3340.395
3340.628
3340.862
3341.095
3341.328
3341.545
3341.778
3342.012
3342.245
3342.478
3342.712
3342.928
3343.178
3343.412
3343.645
3343.878
3344.112
3346.195
3346.645
3347.112
3347.562
3348.028
3348.495
3348.945
3349.412
3349.878
3350.345
3350.795
3351.262
3351.728
3352.178
3352.645
3353.112
3353.545
3354.012
3354.478
3354.928
3355.412
3355.862
3356.312
3356.778
3357.245
3357.712
3358.178
3358.628
3359.095
3359.545
3360.028
3360.495
3360.945
3361.178
3361.412
3361.662
3361.878
3362.128
3362.328
3362.595
3362.795
3363.028
3363.262
3363.495
3363.728
3363.945
3364.178
3364.412
3364.645
3364.878
3365.112
3365.328
3365.562
3365.795
3366.028
3366.262
3366.495
3366.728
3366.945
3367.178
3367.412
3367.645
3367.878
3368.112
3368.328
3368.562
3368.795
3369.028
3369.262
3369.495
3369.728
3369.945
3370.162
3370.395
3370.628
3370.862
3371.095
3371.312
3371.545
3371.778
3372.012
3372.245
3372.495
3372.712
3372.928
3373.162
3373.395
3373.628
3375.712
3376.162
3376.645
3377.112
3377.562
3378.028
3378.495
3378.945
3379.412
3379.878
3380.328
3380.795
3381.262
3381.712
3382.178
3382.695
3383.112
3383.561
3384.028
3384.495
3384.945
3385.411
3385.878
3386.328
3386.778
3387.245
3387.695
3388.161
3388.628
3389.095
3389.545
3390.011
3390.478
3390.978
3391.395
3391.861
3392.311
3392.778
3393.261
3393.711
3394.178
3394.645
3395.111
3395.561
3396.028
3396.495
3396.945
3397.411
3397.878
3398.111
3398.328
3398.561
3398.795
3399.028
3399.261
3399.495
3399.711
3399.945
3400.195
3400.411
3400.645
3400.878
3401.111
3401.328
3401.561
3401.795
3402.028
3402.261
3402.495
3402.711
3402.945
3403.178
3403.395
3403.628
3403.861
3404.111
3404.311
3404.545
3404.778
3405.011
3405.245
3405.361
3405.478
3405.595
3405.711
3405.845
3405.945
3406.061
3406.178
3406.295
3406.411
3406.528
3406.645
3406.745
3406.861
3406.978
3408.928
3409.161
3409.395
3409.628
3409.878
3410.095
3410.328
3410.578
3410.795
3411.028
3411.261
3411.495
3411.711
3411.945
3412.178
3412.411
3412.645
3412.878
3413.095
3413.328
3413.561
3413.795
3414.028
3414.261
3414.495
3414.711
3414.945
3415.178
3415.411
3415.645
3415.878
3416.095
3416.328
3416.561
3416.795
3417.028
3417.261
3417.511
3417.711
3417.978
3418.178
3418.411
3418.645
3418.878
3419.095
3419.345
3419.561
3419.795
3420.028
3420.245
3420.478
3420.695
3420.928
3421.161
3421.395
3421.628
3421.861
3422.095
3422.328
3422.561
3422.778
3423.011
3423.245
3423.495
3423.711
3423.978
3424.161
3424.395
3424.628
3424.861
3425.078
3425.311
3425.545
3425.778
3426.011
3426.245
3426.478
3426.711
3426.945
3427.211
3427.411
3427.645
3427.878
3428.095
3428.328
3428.561
3428.795
3429.028
3429.261
3429.478
3429.711
3430.411
3430.661
3430.878
3431.095
3431.328
3431.561
3431.811
3432.028
3432.278
3432.478
3432.711
3432.961
3433.178
3433.411
3433.645
3433.878
3434.095
3434.328
3434.561
3434.795
3435.028
3435.261
3435.478
3435.711
3435.945
3436.178
3436.411
3436.645
3436.861
3437.078
3437.311
3437.545
3437.778
3438.011
3438.245
3438.461
3438.928
3439.395
3439.861
3440.311
3440.778
3441.261
3441.695
3442.178
3442.628
3443.095
3443.561
3444.028
3444.478
3444.944
3445.411
3445.878
3446.328
3446.794
3447.261
3447.711
3448.178
3448.644
3449.094
3449.561
3450.028
3450.478
3450.944
3453.278
3453.461
3453.694
3453.928
3454.161
3454.394
3454.628
3454.844
3455.078
3455.311
3455.544
3455.778
3456.011
3456.244
3456.461
3456.694
3456.928
3457.161
3457.411
3457.628
3457.844
3458.078
3458.311
3458.544
3458.778
3459.011
3459.244
3459.461
3459.694
3459.944
3460.178
3460.411
3460.644
3460.861
3461.094
3461.328
3461.578
3461.794
3462.028
3462.261
3462.478
3462.711
3462.944
3463.178
3463.411
3463.644
3463.861
3464.094
3464.328
3464.561
3464.794
3465.028
3465.261
3465.478
3465.711
3465.961
3466.178
3466.411
3466.644
3466.861
3467.094
3467.328
3467.578
3467.794
3468.044
3468.261
3468.478
3468.711
3468.944
3469.178
3469.411
3469.644
3469.861
3470.111
3470.311
3470.544
3470.778
3471.011
3471.244
3471.461
3471.694
3471.928
3472.161
3472.394
3472.628
3472.844
3473.111
3473.311
3473.544
3473.778
3474.028
3474.261
3474.511
3474.694
3474.928
3475.161
3475.411
3475.628
3475.844
3476.078
3476.311
3476.561
3476.794
3477.028
3477.261
3477.478
3477.711
3477.944
3478.178
3478.428
3478.661
3478.861
3479.094
3479.361
3479.561
3479.794
3480.061
3480.244
3480.478
3480.711
3482.794
3483.244
3483.711
3484.178
3484.644
3485.094
3485.561
3486.028
3486.478
3486.928
3487.394
3487.844
3488.311
3488.778
3489.228
3489.694
3490.161
3490.628
3491.078
3491.544
3492.011
3492.461
3492.928
3493.411
3493.861
3494.328
3494.794
3495.244
3495.711
3496.178
3496.628
3497.094
3497.561
3497.794
3498.028
3498.244
3498.478
3498.711
3498.944
3499.178
3499.411
3499.644
3499.861
3500.094
3500.328
3500.561
3500.794
3501.028
3501.244
3501.478
3501.711
3501.944
3502.194
3502.411
3502.628
3502.861
3503.094
3503.328
3503.544
3503.778
3504.011
3504.228
3504.461
3504.694
3504.961
3505.194
3505.411
3505.611
3505.844
3506.077
3506.311
3506.544
3506.777
3507.011
3507.227
3507.461
3507.694
3507.927
3508.161
3508.394
3508.611
3508.844
3509.077
3509.311
3509.544
3509.777
3510.027
3510.244
3512.327
3512.794
3513.244
3513.711
3514.177
3514.627
3515.094
3515.561
3516.044
3516.494
3516.944
3517.411
3517.861
3518.327
3518.811
3519.244
3519.711
3520.177
3520.611
3521.077
3521.544
3521.994
3522.461
3522.927
3523.394
3523.844
3524.311
3524.777
3525.227
3525.694
3526.161
3526.627
3527.094
3527.561
3528.011
3528.494
3528.961
3529.411
3529.861
3530.327
3530.794
3531.244
3531.744
3532.177
3532.627
3533.094
3533.561
3534.011
3534.477
3534.744
3534.944
3535.177
3535.411
3535.627
3535.861
3536.094
3536.327
3536.561
3536.794
3536.994
3537.227
3537.461
3537.694
3537.927
3538.161
3538.394
3538.611
3538.844
3539.094
3539.311
3539.544
3539.777
3540.227
3540.461
3540.694
3540.944
3541.177
3541.611
3541.844
3541.977
3542.094
3542.211
3542.327
3542.444
3542.544
3542.661
3542.777
3542.894
3543.011
3543.144
3543.261
3543.377
3543.494
3543.611
3545.561
3545.794
3546.027
3546.244
3546.494
3546.711
3546.944
3547.194
3547.411
3547.627
3547.877
3548.094
3548.327
3548.561
3548.794
3549.011
3549.244
3549.477
3549.711
3549.944
3550.177
3550.394
3550.627
3550.861
3551.094
3551.327
3551.561
3551.794
3552.011
3552.244
3552.477
3552.711
3552.944
3553.177
3553.394
3553.611
3553.844
3554.077
3554.311
3554.544
3554.777
3554.994
3555.227
3555.461
3555.694
3555.927
3556.161
3556.377
3556.611
3556.844
3557.077
3557.311
3557.544
3557.777
3557.994
3558.227
3558.461
3558.694
3558.927
3559.161
3559.377
3559.611
3559.861
3560.094
3560.327
3560.811
3561.011
3561.244
3561.477
3561.711
3561.944
3562.177
3562.411
3562.627
3562.861
3563.344
3563.561
3563.844
3564.044
3564.244
3564.477
3564.711
3564.944
3565.177
3565.394
3565.627
3565.861
3566.094
3566.327
3566.794
3567.010
3567.244
3567.477
3567.710
3567.944
3568.177
3568.394
3568.627
3568.860
3569.094
3569.327
3569.560
3569.777
3570.010
3570.227
3570.460
3570.694
3570.927
3571.160
3571.377
3571.610
3571.844
3572.077
3572.310
3572.544
3572.760
3572.994
3573.227
3573.460
3573.694
3573.927
3574.160
3574.377
3574.610
3574.844
3575.077
3575.544
3575.994
3576.460
3576.944
3577.394
3577.860
3578.327
3578.777
3579.244
3579.710
3580.177
3580.627
3581.094
3581.560
3582.010
3582.477
3582.944
3583.394
3583.860
3584.327
3584.777
3585.244
3585.710
3586.177
3586.627
3587.077
3587.544
3589.844
3590.077
3590.310
3590.544
3590.760
3590.994
3591.227
3591.460
3591.694
3591.927
3592.144
3592.377
3592.610
3592.844
3593.077
3593.327
3593.560
3593.777
3594.010
3594.244
3594.477
3594.710
3594.944
3595.177
3595.394
3595.627
3595.860
3596.094
3596.327
3596.560
3596.777
3597.010
3597.244
3597.477
3597.710
3597.944
3598.160
3598.394
3598.627
3598.860
3599.094
3599.327
3599.560
3599.777
3600.010
3600.244
3600.477
3600.710
3600.944
3601.160
3601.394
3601.627
3601.860
3602.094
3602.327
3602.560
3602.777
3603.010
3603.244
3603.477
3603.694
3603.927
3604.144
3604.377
3604.610
3604.844
3605.077
3605.310
3605.544
3605.760
3605.994
3606.227
3606.460
3606.694
3606.910
3607.144
3607.377
3607.610
3607.844
3608.077
3608.310
3608.544
3608.760
3608.994
3609.227
3609.460
3609.694
3609.944
3610.160
3610.394
3610.627
3610.860
3611.094
3611.327
3611.560
3611.777
3612.010
3612.244
3612.477
3612.710
3612.944
3613.160
3613.394
3613.627
3613.860
3614.094
3614.327
3614.560
3614.777
3615.010
3615.244
3615.477
3615.710
3615.944
3616.160
3616.394
3616.627
3616.860
3617.094
3617.327
3619.394
3619.860
3620.310
3620.760
3621.227
3621.694
3622.144
3622.610
3623.077
3623.527
3623.994
3624.460
3624.927
3625.377
3625.844
3626.310
3626.777
3627.244
3627.710
3628.160
3628.627
3629.093
3629.543
3630.027
3630.927
3631.393
3631.860
3632.327
3632.793
3633.243
3633.727
3634.210
3634.393
3634.627
3634.860
3635.093
3635.327
3635.543
3635.777
3636.010
3636.243
3636.477
3636.710
3636.943
3637.143
3637.377
3637.610
3637.843
3638.093
3638.310
3638.527
3638.760
3638.993
3639.227
3639.460
3639.693
3639.927
3640.143
3640.410
3640.643
3640.843
3641.093
3641.310
3641.527
3641.760
3641.993
3642.227
3642.460
3642.693
3642.927
3643.143
3643.393
3643.860
3644.093
3644.327
3644.543
3644.777
3645.043
3645.293
3645.477
3645.710
3645.927
3646.160
3646.393
3646.627
3646.860
3648.927
3649.393
3649.860
3650.327
3650.777
3651.243
3651.727
3652.160
3652.627
3653.093
3653.543
3653.993
3654.460
3654.927
3655.377
3655.843
3656.310
3656.760
3657.227
3657.693
3658.143
3658.610
3659.077
3659.527
3660.027
3660.477
3660.927
3661.393
3661.860
3662.327
3662.777
3663.243
3663.710
3664.160
3664.627
3665.093
3665.543
3666.010
3666.477
3666.927
3667.410
3667.860
3668.310
3668.777
3669.243
3669.710
3670.177
3670.610
3671.077
3671.293
3671.527
3671.760
3671.993
3672.227
3672.460
3672.693
3672.910
3673.143
3673.377
3673.610
3673.843
3674.077
3674.293
3674.527
3674.760
3674.993
3675.227
3675.477
3675.693
3675.910
3676.143
3676.377
3676.610
3676.860
3677.093
3677.310
3677.577
3677.777
3678.010
3678.243
3678.477
3678.593
3678.710
3678.843
3678.943
3679.093
3679.293
3679.410
3679.527
3679.643
3679.760
3679.860
3679.977
3680.093
3680.210
3682.160
3682.393
3682.627
3682.860
3683.093
3683.310
3683.593
3683.777
3684.027
3684.243
3684.477
3684.710
3684.927
3685.160
3685.427
3685.627
3685.860
3686.093
3686.310
3686.543
3686.777
3687.010
3687.227
3687.460
3687.677
3687.910
3688.143
3688.376
3688.610
3688.843
3689.093
3689.293
3689.576
3689.760
3690.010
3690.243
3690.460
3690.693
3690.910
3691.143
3691.376
3691.610
3691.843
3692.076
3692.293
3692.526
3692.760
3692.993
3693.243
3693.476
3693.693
3693.926
3694.160
3694.393
3694.626
3694.860
3695.093
3695.310
3695.543
3695.776
3696.010
3696.243
3696.476
3696.693
3696.926
3697.160
3697.393
3697.626
3697.860
3698.093
3698.310
3698.543
3699.043
3699.243
3699.476
3699.693
3699.926
3700.160
3700.393
3700.626
3700.860
3701.093
3701.310
3701.543
3701.776
3702.010
3702.243
3702.476
3702.693
3702.926
3703.160
3703.393
3703.626
3703.843
3704.076
3704.293
3704.526
3704.760
3704.993
3705.226
3705.493
3705.676
3705.926
3706.143
3706.393
3706.610
3706.843
3707.076
3707.293
3707.543
3707.760
3707.993
3708.226
3708.460
3708.676
3708.910
3709.143
3709.376
3709.610
3709.843
3710.110
3710.310
3710.543
3710.776
3711.010
3711.243
3711.476
3711.693
3712.160
3712.643
3713.076
3713.560
3714.026
3714.510
3714.926
3715.443
3715.860
3716.310
3716.776
3717.243
3717.693
3718.160
3718.626
3719.076
3719.543
3720.010
3720.460
3720.910
3721.376
3721.843
3722.293
3722.760
3723.226
3723.676
3724.143
3726.460
3726.693
3726.926
3727.160
3727.443
3727.626
3727.860
3728.093
3728.310
3728.543
3728.776
3729.010
3729.243
3729.476
3729.693
3729.926
3730.160
3730.393
3730.626
3730.860
3731.076
3731.310
3731.543
3731.776
3732.010
3732.260
3732.476
3732.693
3732.926
3733.160
3733.660
3733.860
3734.076
3734.310
3734.543
3734.776
3735.010
3735.243
3735.476
3735.693
3735.926
3736.160
3736.393
3736.626
3736.860
3737.060
3737.293
3737.526
3737.760
3737.993
3738.226
3738.443
3738.676
3738.910
3739.143
3739.376
3739.610
3739.843
3740.060
3740.293
3740.526
3740.776
3740.993
3741.226
3741.443
3741.676
3741.910
3742.143
3742.393
3742.610
3742.843
3743.060
3743.293
3743.543
3743.776
3744.010
3744.243
3744.460
3744.693
3744.926
3745.160
3745.393
3745.626
3745.860
3746.076
3746.310
3746.543
3746.776
3747.010
3747.243
3747.460
3747.693
3747.926
3748.160
3748.393
3748.626
3748.860
3749.076
3749.309
3749.543
3749.776
3750.009
3750.243
3750.459
3750.693
3750.926
3751.159
3751.393
3751.626
3751.859
3752.076
3752.309
3752.543
3752.826
3753.026
3753.259
3753.459
3753.693
3753.909
3756.009
3756.493
3756.909
3757.376
3757.843
3758.293
3758.759
3759.226
3759.676
3760.159
3760.626
3761.076
3761.543
3762.026
3762.459
3762.943
3763.393
3763.843
3764.309
3764.776
3765.243
3765.693
3766.159
3766.626
3767.076
3767.543
3768.009
3768.459
3768.926
3769.393
3769.843
3770.309
3770.759
3770.993
3771.226
3771.443
3771.676
3771.909
3772.143
3772.376
3772.609
3772.826
3773.059
3773.293
3773.526
3773.759
3774.009
3774.243
3774.443
3774.676
3774.909
3775.159
3775.376
3775.609
3775.826
3776.059
3776.293
3776.526
3776.776
3777.009
3777.243
3777.459
3777.709
3777.943
3778.159
3778.393
3778.626
3778.843
3779.076
3779.309
3779.543
3779.776
3780.043
3780.259
3780.459
3780.709
3780.943
3781.176
3781.393
3781.626
3781.843
3782.093
3782.309
3782.543
3782.793
3783.026
3783.243
3783.493
3785.543
3786.059
3786.926
3787.376
3787.826
3788.293
3788.759
3789.209
3789.676
3790.143
3790.609
3791.059
3791.543
3791.993
3792.476
3792.926
3793.376
3793.843
3794.309
3794.809
3795.693
3796.159
3796.626
3797.093
3797.543
3798.009
3798.459
3798.959
3799.393
3799.843
3800.326
3800.776
3801.226
3801.693
3802.159
3802.626
3803.076
3803.576
3804.043
3804.493
3804.926
3805.376
3805.826
3806.309
3806.793
3807.209
3807.676
3807.909
3808.143
3808.376
3808.593
3808.826
3809.059
3809.326
3809.526
3810.226
3810.459
3810.692
3810.926
3811.192
3811.609
3811.842
3812.076
3812.309
3812.542
3812.776
3813.009
3813.226
3813.459
3813.692
3813.926
3814.159
3814.392
3814.609
3814.842
3815.076
3815.226
3815.326
3815.442
3815.559
3815.676
3815.792
3815.892
3816.009
3816.126
3816.376
3816.476
3816.592
3816.709
3816.826
3818.776
3819.009
3819.226
3819.459
3819.692
3819.926
3820.159
3820.392
3820.592
3820.826
3821.059
3821.292
3821.542
3821.759
3821.992
3822.209
3822.459
3822.676
3822.909
3823.142
3823.376
3823.592
3823.826
3824.059
3824.292
3824.526
3824.759
3824.992
3825.209
3825.442
3825.676
3825.909
3826.142
3826.392
3826.592
3826.842
3827.076
3827.309
3827.542
3827.776
3828.009
3828.226
3828.459
3828.692
3828.926
3829.159
3829.392
3829.609
3829.842
3830.076
3830.309
3830.542
3830.776
3831.009
3831.226
3831.459
3831.692
3831.926
3832.159
3832.392
3832.609
3832.842
3833.076
3833.309
3833.542
3833.776
3833.992
3834.226
3834.459
3834.692
3834.926
3835.159
3835.392
3835.609
3835.842
3836.076
3836.309
3836.542
3836.776
3836.992
3837.209
3837.442
3837.676
3837.909
3838.142
3838.376
3838.592
3838.826
3839.059
3839.292
3839.526
3839.776
3840.009
3840.209
3840.442
3840.676
3840.909
3841.142
3841.376
3841.592
3841.826
3842.059
3842.292
3842.526
3842.759
3842.976
3843.209
3843.442
3843.692
3843.926
3844.159
3844.392
3844.609
3844.842
3845.076
3845.309
3845.542
3845.776
3845.992
3846.226
3846.459
3846.692
3846.926
3847.159
3847.392
3847.609
3847.842
3848.076
3848.309
3848.776
3849.226
3849.709
3850.159
3850.659
3851.076
3851.542
3852.009
3852.492
3852.942
3853.376
3853.842
3854.292
3854.759
3855.209
3855.676
3856.142
3856.609
3857.059
3857.526
3857.976
3858.442
3859.392
3859.826
3860.309
3860.792
3863.092
3863.309
3863.542
3863.776
3863.992
3864.226
3864.459
3864.692
3864.926
3865.159
3865.376
3865.609
3865.842
3866.076
3866.326
3866.542
3866.776
3867.009
3867.242
3867.459
3867.692
3867.926
3868.159
3868.376
3868.609
3868.842
3869.076
3869.309
3869.542
3869.776
3869.992
3870.226
3870.459
3870.676
3870.909
3871.142
3871.359
3871.592
3871.825
3872.059
3872.292
3872.525
3872.759
3872.975
3873.209
3873.442
3873.675
3873.909
3874.142
3874.359
3874.592
3874.825
3875.059
3875.292
3875.525
3875.759
3875.975
3876.209
3876.442
3876.692
3876.925
3877.159
3877.375
3877.609
3877.842
3878.075
3878.309
3878.542
3878.759
3878.992
3879.225
3879.475
3879.692
3879.942
3880.159
3880.375
3880.609
3880.842
3881.125
3881.309
3881.575
3881.775
3881.992
3882.225
3882.459
3882.709
3882.925
3883.175
3883.409
3883.609
3883.842
3884.075
3884.309
3884.542
3884.759
3884.992
3885.225
3885.459
3885.692
3885.925
3886.159
3886.375
3886.609
3886.842
3887.109
3887.292
3887.525
3887.742
3887.975
3888.442
3888.675
3888.909
3889.142
3889.359
3889.592
3889.825
3890.075
3890.292
3890.542
3892.592
3893.059
3893.542
3893.992
3894.459
3894.925
3895.392
3895.875
3896.309
3896.759
3897.225
3897.692
3898.175
3898.609
3899.092
3899.542
3900.042
3900.459
3900.925
3901.375
3901.842
3902.309
3902.759
3903.225
3903.692
3904.125
3904.592
3905.059
3905.525
3905.992
3906.442
3906.909
3907.359
3907.592
3907.842
3908.325
3908.542
3908.742
3908.975
3909.209
3909.442
3909.675
3909.959
3910.142
3910.375
3910.609
3910.842
3911.092
3911.309
3911.542
3911.759
3911.992
3912.225
3912.459
3912.692
3912.942
3913.142
3913.375
3913.609
3913.842
3914.075
3914.309
3914.542
3914.759
3914.992
3915.225
3915.459
3915.692
3915.925
3916.142
3916.392
3916.642
3916.842
3917.092
3917.309
3917.542
3917.759
3917.992
3918.225
3918.459
3918.692
3919.142
3919.375
3919.659
3919.859
3920.075
3922.125
3922.592
3923.092
3923.525
3923.975
3924.442
3924.909
3925.375
3925.875
3926.292
3926.742
3927.242
3927.692
3928.192
3928.609
3929.992
3930.459
3930.925
3931.375
3931.859
3932.308
3932.758
3933.242
3933.692
3934.192
3934.608
3935.075
3935.525
3935.992
3936.475
3936.925
3937.358
3937.825
3938.292
3938.742
3939.208
3939.692
3940.125
3940.592
3941.058
3941.508
3941.975
3942.442
3942.908
3943.358
3943.842
3944.308
3944.525
3944.758
3944.992
3945.225
3945.458
3945.692
3945.925
3946.142
3946.375
3946.608
3946.842
3947.075
3947.308
3947.525
3947.758
3947.992
3948.225
3948.475
3948.692
3948.908
3949.158
3949.375
3949.608
3949.842
3950.092
3950.308
3950.525
3950.792
3950.992
3951.225
3951.458
3951.692
3951.808
3951.925
3952.042
3952.175
3952.275
3952.392
3952.508
3952.625
3952.742
3952.858
3952.975
3953.075
3953.192
3953.308
3953.425
3955.358
3955.825
3956.292
3956.742
3957.208
3957.675
3958.125
3958.592
3959.058
3959.508
3959.975
3960.458
3960.908
3961.375
3961.842
3962.308
3962.808
3963.225
3963.692
3964.142
3964.608
3965.075
3965.525
3965.992
3966.458
3966.908
3967.375
3967.842
3968.342
3968.758
3969.225
3969.692
3970.142
3970.608
3971.058
3971.508
3971.975
3972.442
3972.892
3973.408
3973.842
3974.275
3974.742
3975.208
3975.675
3976.125
3976.592
3977.075
3977.525
3977.992
3978.458
3978.908
3979.375
3979.842
3980.292
3980.758
3981.225
3981.692
3982.142
3982.608
3983.075
3983.525
3983.992
3984.458
3984.908
3985.142
3985.375
3985.608
3986.092
3986.292
3986.525
3986.758
3987.008
3987.225
3987.442
3987.675
3987.892
3988.125
3988.358
3988.592
3988.825
3989.058
3989.275
3989.508
3989.742
3989.975
3990.208
3990.442
3990.675
3990.892
3991.125
3991.358
3991.592
3991.825
3992.058
3992.275
3992.508
3992.742
3992.975
3993.208
3993.441
3993.691
3993.908
3994.141
3994.375
3994.608
3994.841
3995.091
3995.291
3995.525
3995.758
3995.991
3996.225
3996.458
3996.691
3996.908
3997.141
3997.375
3997.608
3997.841
3998.075
3998.291
3998.541
3998.758
3998.991
3999.225
3999.458
3999.675
3999.908
4000.141
4000.375
4000.608
4000.841
4001.075
4001.291
4001.525
4001.758
4001.991
4002.225
4002.458
4002.675
4002.908
4003.141
4003.375
4003.625
4003.841
4004.058
4004.275
4004.508
4004.741
4004.975
4005.208
4005.441
4005.658
4005.891
4006.125
4006.358
4006.591
4006.825
4007.058
4007.275
4007.508
4007.741
4007.975
4008.208
4008.441
4008.658
4008.891
4009.125
4009.358
4009.591
4009.825
4010.058
4010.275
4010.525
4010.758
4010.991
4011.225
4011.458
4011.675
4011.908
4012.141
4012.375
4012.608
4012.841
4013.075
4013.291
4013.525
4013.775
4013.991
4014.225
4014.458
4014.675
4014.908
4015.141
4015.375
4015.608
4015.841
4016.075
4016.291
4016.525
4016.758
4016.991
4017.225
4017.458
4017.675
4017.908
4018.141
4018.375
4018.608
4018.841
4019.075
4019.291
4019.525
4019.758
4019.991
4020.258
4020.458
4020.675
4020.891
4021.125
4021.358
4021.591
4021.825
4022.058
4022.275
4022.508
4022.775
4022.975
4023.208
4023.441
4023.658
4023.891
4024.125
4024.591
4024.825
4025.041
4025.275
4025.508
4025.741
4025.975
4026.208
4026.441
4026.675
4026.891
4027.141
4027.375
4027.608
4027.841
4028.058
4028.291
4028.541
4028.758
4028.991
4029.225
4029.458
4029.675
4029.908
4030.141
4030.375
4030.625
4030.841
4031.075
4031.291
4031.525
4031.775
4031.991
4032.225
4032.458
4032.675
4032.908
4033.141
4033.375
4033.608
4033.841
4034.058
4034.291
4034.525
4034.758
4034.991
4035.225
4035.458
4035.675
4035.908
4036.141
4036.375
4036.608
4036.841
4037.058
4037.291
4037.508
4037.741
4037.975
4038.208
4038.441
4038.658
4038.891
4039.125
4039.358
4039.591
4039.825
4040.041
4040.275
4040.508
4040.741
4040.975
4041.208
4041.441
4041.658
4041.891
4042.125
4042.358
4042.591
4042.825
4043.275
4043.508
4043.758
4043.991
4044.225
4044.441
4044.675
4044.908
4045.141
4045.375
4045.608
4045.858
4046.058
4046.291
4046.541
4046.758
4046.991
4047.225
4047.458
4047.675
4047.908
4048.141
4048.375
4048.608
4048.858
4049.058
4049.291
4049.525
4049.758
4049.991
4050.225
4050.441
4050.675
4050.908
4051.141
4051.375
4051.608
4051.841
4052.058
4052.291
4052.525
4052.758
4052.991
4053.225
4053.441
4053.675
4053.908
4054.124
4054.358
4054.591
4054.824
4055.041
4055.274
4055.508
4055.741
4055.974
4056.208
4056.424
4056.658
4056.891
4057.124
4057.358
4057.591
4057.824
4058.041
4058.274
4058.508
4058.741
4058.974
4059.208
4059.424
4059.658
4059.891
4060.124
4060.391
4060.608
4060.841
4061.058
4061.291
4061.524
4061.758
4061.991
4062.224
4062.441
4062.708
4062.908
4063.158
4063.374
4063.624
4063.841
4064.058
4064.291
4064.524
4064.758
4064.991
4065.224
4065.441
4065.674
4065.908
4066.158
4066.374
4066.608
4066.841
4067.058
4067.291
4067.524
4067.758
4067.991
4068.224
4068.474
4068.674
4068.908
4069.158
4069.391
4069.608
4069.824
4070.058
4070.308
4070.541
4070.741
4070.974
4071.208
4071.441
4071.658
4071.908
4072.124
4072.358
4072.591
4072.824
4073.058
4073.274
4073.508
4073.741
4073.974
4074.208
4074.424
4074.674
4074.891
4075.158
4075.358
4075.591
4075.808
4076.058
4076.274
4076.508
4076.741
4076.974
4077.224
4077.441
4077.674
4077.908
4078.141
4078.374
4078.608
4078.824
4079.058
4079.291
4079.524
4079.774
4079.991
4080.224
4080.441
4080.674
4080.908
4081.141
4081.374
4081.608
4081.824
4082.108
4082.291
4082.541
4082.758
4082.991
4083.224
4083.441
4083.674
4083.941
4084.141
4084.374
4084.624
4084.824
4085.058
4085.291
4085.524
4085.758
4085.991
4086.224
4086.458
4086.674
4086.908
4087.141
4087.374
4087.591
4087.808
4088.041
4088.274
4088.508
4088.741
4088.974
4089.208
4089.424
4089.658
4089.891
4090.124
4090.358
4090.591
4090.808
4091.041
4091.274
4091.508
4091.741
4091.974
4092.208
4092.424
4092.658
4092.908
4093.141
4093.358
4093.591
4093.824
4094.058
4094.291
4094.524
4094.758
4094.991
4095.208
4095.441
4095.674
4095.908
4096.141
4096.374
4096.608
4096.858
4097.058
4097.291
4097.558
4097.758
4097.991
4098.208
4098.458
4098.724
4098.908
4099.141
4099.374
4099.608
4099.824
4100.058
4100.291
4100.758
4100.991
4101.208
4101.458
4101.674
4101.908
4102.141
4102.374
4102.608
4102.824
4103.074
4103.291
4103.524
4103.758
4103.991
4104.191
4104.424
4104.658
4104.891
4105.124
4105.358
4105.591
4105.808
4106.041
4106.274
4106.508
