117.851
118.318
118.785
119.252
119.686
120.153
120.621
121.088
121.555
122.022
122.489
122.956
123.423
123.890
124.358
124.825
125.258
125.726
126.193
126.660
127.127
127.594
128.061
128.528
128.996
129.463
129.930
130.397
130.864
131.331
132.699
132.933
133.166
133.433
133.667
133.900
134.134
134.568
134.835
135.035
135.302
135.535
135.769
136.003
136.436
136.703
136.937
137.170
137.404
137.638
137.871
138.305
138.572
138.805
139.039
139.272
139.506
139.740
140.173
140.641
141.108
141.575
142.009
142.476
142.943
143.410
143.877
144.344
144.811
145.278
145.746
146.213
146.680
147.147
147.614
148.081
148.548
149.016
149.483
149.950
150.417
150.884
151.351
151.818
152.285
152.719
153.186
153.654
154.121
154.588
155.055
155.522
155.989
156.456
156.923
157.391
157.858
158.291
158.759
159.226
159.693
160.160
160.627
161.094
162.462
162.729
162.963
163.196
163.430
163.664
163.897
164.331
164.598
164.831
165.065
165.298
165.532
165.766
166.233
166.466
166.700
166.933
167.167
167.401
167.634
168.101
168.335
168.568
168.802
169.036
169.269
169.503
169.970
170.437
170.904
171.371
171.838
172.305
172.773
173.240
173.707
174.207
174.675
175.108
175.575
176.043
176.510
176.977
177.477
177.944
178.412
178.879
179.346
179.813
180.280
180.747
181.214
181.682
182.149
182.616
183.083
183.550
184.017
184.351
184.584
184.818
185.052
185.285
185.519
185.752
185.986
186.219
186.486
186.720
186.920
187.154
187.354
187.587
187.788
187.988
188.155
188.355
188.555
188.722
188.889
189.089
189.289
189.456
189.623
189.823
189.990
190.157
190.290
190.457
190.624
190.757
190.924
191.091
191.258
191.391
191.558
191.658
191.792
191.925
192.025
192.225
192.693
193.160
193.627
194.127
194.594
195.062
195.529
195.996
196.463
196.930
197.397
197.864
198.331
198.799
199.266
199.700
199.933
200.167
200.400
200.634
200.901
201.101
201.568
201.802
202.035
202.269
202.502
202.769
202.969
203.437
203.704
203.904
204.171
204.404
204.638
204.871
205.305
205.572
205.772
206.039
206.273
206.506
206.740
207.140
207.607
208.075
208.508
208.975
209.443
209.910
210.377
210.844
211.311
211.778
212.245
212.713
213.180
213.647
214.114
214.581
215.048
215.549
216.016
216.483
216.917
217.384
217.851
218.318
218.752
219.252
219.720
220.187
220.620
221.088
221.588
222.055
222.522
222.989
223.423
223.890
224.357
224.825
225.258
225.726
225.992
226.226
226.460
226.693
226.927
227.160
227.594
227.861
228.095
228.328
228.562
228.795
229.029
229.463
229.730
229.930
230.197
230.430
230.664
230.897
231.331
231.565
231.765
231.965
232.199
232.399
232.632
232.799
232.999
233.233
233.467
233.667
233.934
234.101
234.301
234.468
234.668
234.835
235.035
235.202
235.368
235.569
235.702
235.869
236.036
236.169
236.336
236.470
236.670
236.803
237.370
237.838
238.305
238.772
239.239
239.706
240.173
240.640
241.108
241.575
242.042
242.509
242.976
243.443
243.910
244.344
244.578
244.811
245.045
245.278
245.545
245.746
246.213
246.480
246.680
246.947
247.180
247.414
247.647
248.081
248.348
248.548
248.815
249.049
249.282
249.516
249.950
250.217
250.450
250.684
250.917
251.151
251.384
251.818
252.052
252.285
252.519
252.753
252.986
253.220
253.687
253.920
254.154
254.387
254.621
254.855
255.088
255.522
255.989
256.456
256.923
257.390
257.858
258.325
258.759
259.226
259.693
260.160
260.627
261.094
261.561
262.028
262.496
262.963
263.430
263.897
264.364
264.831
265.298
265.766
266.233
266.700
267.167
267.634
268.068
268.535
269.002
269.236
269.469
269.703
269.936
270.170
270.403
270.904
271.371
271.838
272.305
272.773
274.107
274.374
274.608
274.841
275.041
275.275
275.509
275.976
276.209
276.443
276.676
276.910
277.177
277.377
277.844
278.078
278.311
278.545
278.779
279.045
279.279
279.713
279.980
280.180
280.447
280.680
280.914
281.148
281.581
281.848
282.082
282.315
282.549
282.783
283.016
283.450
283.717
283.950
284.184
284.417
284.651
284.885
285.285
285.552
285.752
286.019
286.253
286.486
286.720
287.120
287.354
287.587
287.821
288.054
288.321
288.555
288.989
289.256
289.456
289.723
289.956
290.190
290.423
290.857
291.124
291.358
291.591
291.792
292.025
292.259
292.692
293.160
293.627
294.094
294.561
295.028
295.495
295.962
296.429
296.897
297.364
297.831
298.298
298.765
299.232
299.699
300.100
300.367
300.567
300.834
301.067
301.301
301.535
301.968
302.235
302.435
302.702
302.936
303.170
303.403
303.837
304.104
304.337
304.571
304.805
305.038
305.272
305.705
305.972
306.206
306.439
306.673
306.907
307.140
314.981
315.248
315.482
315.715
315.949
316.183
316.416
316.883
317.117
317.350
317.584
317.818
318.051
318.285
318.752
318.985
319.219
319.452
319.686
319.920
320.153
320.620
320.854
321.087
321.321
321.555
321.822
322.022
322.489
322.722
322.956
323.190
323.423
323.690
323.890
324.357
324.624
324.825
325.058
325.292
325.525
325.759
326.226
326.459
326.693
326.927
327.160
327.394
327.627
328.094
328.328
328.562
328.795
329.029
329.296
329.496
329.963
330.197
330.430
330.664
330.897
331.164
331.364
331.832
332.098
332.299
332.566
332.799
333.033
333.266
333.700
333.967
334.167
334.434
334.668
334.901
335.135
335.535
336.002
336.469
336.937
337.404
337.871
338.338
338.805
339.272
339.739
340.207
340.640
341.107
341.575
342.042
342.509
342.976
343.443
343.910
344.377
344.811
345.278
345.745
346.213
346.680
347.147
347.614
348.081
348.548
349.015
349.482
349.950
350.417
350.650
350.884
351.117
351.351
351.585
351.818
352.285
352.519
352.752
352.986
353.220
353.453
353.687
354.120
354.387
354.621
354.855
355.088
355.322
355.555
355.989
356.256
356.489
356.723
356.957
357.190
357.424
357.858
358.124
358.358
358.558
358.792
359.059
359.259
359.726
359.960
360.193
360.427
360.660
360.894
361.127
361.595
361.828
362.062
362.295
362.529
362.762
362.996
363.463
363.697
363.930
364.164
364.397
364.631
364.865
365.298
365.765
366.266
366.733
367.200
367.667
368.134
368.602
369.069
369.536
370.003
370.470
370.937
371.404
371.872
372.339
372.806
373.273
373.740
374.241
374.708
375.141
375.609
376.076
376.543
377.010
377.477
377.978
378.445
378.912
379.379
379.846
380.080
380.313
380.547
380.780
381.014
381.248
381.481
381.715
381.982
382.182
382.415
382.616
382.849
383.049
383.283
383.483
383.650
383.850
384.017
384.217
384.384
384.584
384.751
384.951
385.118
385.318
385.485
385.619
385.785
385.952
386.119
386.286
386.419
386.586
386.753
386.887
387.020
387.153
387.287
387.420
387.520
387.787
388.054
388.521
389.022
389.489
389.956
390.423
390.891
391.358
391.791
392.259
392.726
393.193
393.660
394.127
394.594
395.028
395.295
395.495
395.762
395.996
396.229
396.463
396.897
397.163
397.397
397.631
397.864
398.098
398.331
398.798
399.032
399.266
399.499
399.733
400.000
400.200
400.667
400.901
401.134
401.368
401.601
401.868
402.068
402.502
402.969
403.436
403.904
404.371
404.838
405.305
405.772
406.239
406.706
407.173
407.641
408.108
408.541
409.009
409.476
409.943
410.410
410.877
411.344
411.811
412.279
412.746
413.213
413.680
414.114
414.614
415.081
415.982
416.449
416.917
417.384
417.851
418.318
418.785
419.252
419.719
420.186
420.654
421.087
421.354
421.588
421.821
422.055
422.289
422.522
422.956
423.223
423.456
423.690
423.924
424.157
424.391
424.824
425.091
425.292
425.525
425.759
425.992
426.226
426.693
426.927
427.160
427.394
427.627
427.894
428.094
431.798
432.265
432.732
433.199
433.667
434.134
434.601
435.068
435.535
436.002
436.469
436.937
437.370
437.604
437.837
438.071
438.305
438.571
438.805
439.039
439.272
439.739
439.973
440.206
440.440
440.674
440.907
441.141
441.608
441.841
442.042
442.309
442.542
442.776
443.009
443.443
443.710
443.944
444.177
444.411
444.644
444.878
445.278
445.545
445.745
446.012
446.246
446.479
446.713
447.180
447.614
448.081
448.548
449.015
449.482
449.950
450.417
450.884
451.351
451.818
452.285
452.752
453.219
453.687
454.154
454.621
455.088
455.555
456.022
456.456
456.923
457.390
457.857
458.325
458.792
459.259
459.726
460.193
461.094
461.561
462.028
462.495
462.963
463.430
463.897
464.364
464.831
465.298
465.765
466.232
466.700
467.167
468.535
468.802
469.002
469.269
469.502
469.736
469.970
470.403
470.670
470.870
471.137
471.371
471.604
471.838
472.238
472.505
472.739
472.973
473.206
473.440
473.673
474.140
474.374
474.607
474.841
475.075
475.308
475.542
476.009
476.476
476.943
477.410
477.877
478.345
478.812
479.279
479.746
480.213
480.680
481.147
481.581
481.815
482.048
482.282
482.515
482.749
482.983
483.450
483.883
484.117
484.351
484.584
484.818
485.285
485.752
485.986
486.219
486.453
486.686
487.153
487.620
487.854
488.121
488.355
488.588
489.055
489.522
489.756
489.990
490.223
490.457
490.924
491.157
491.391
491.624
491.858
492.092
492.325
492.726
492.993
493.226
493.460
493.693
493.927
494.160
494.561
494.828
495.061
495.295
495.528
495.762
495.996
496.463
496.696
496.930
497.163
497.397
497.630
498.331
498.565
498.798
499.032
499.265
499.499
499.733
500.166
500.400
500.633
500.867
501.101
501.368
501.601
502.002
502.268
502.502
502.736
502.969
503.203
503.436
503.870
504.137
504.371
504.604
504.838
505.071
505.305
505.772
506.239
506.706
507.207
507.674
508.141
508.575
509.042
509.509
509.976
510.443
510.944
511.411
511.878
512.345
512.812
513.279
513.747
514.214
514.681
515.148
515.615
516.082
516.549
517.017
517.484
517.951
518.418
518.885
519.352
519.819
520.353
520.620
520.854
521.087
521.287
521.521
521.788
522.022
522.255
522.522
522.756
522.956
523.156
523.390
523.590
523.823
524.024
524.190
524.391
524.557
524.758
524.924
525.125
525.291
525.458
525.658
525.859
525.992
526.159
526.326
526.459
526.626
526.793
526.960
527.093
527.293
527.427
527.560
527.694
527.812
527.894
528.009
528.328
528.561
528.795
529.029
529.262
529.496
529.729
529.963
530.196
530.430
530.663
530.897
531.131
531.364
531.598
531.831
532.065
532.298
532.532
532.766
532.999
533.233
533.466
533.700
533.933
534.167
534.401
534.634
534.868
535.101
535.502
535.769
536.002
536.236
536.469
536.703
536.936
537.370
537.637
537.871
538.104
538.338
538.571
538.805
539.272
539.506
539.739
539.973
540.206
540.440
540.673
541.141
541.374
541.608
541.841
542.075
542.308
542.542
598.898
599.365
599.833
600.300
600.733
601.201
601.668
602.135
602.602
603.069
603.536
604.003
604.437
604.904
605.371
605.839
606.272
606.739
607.207
607.674
608.141
608.608
609.075
609.542
609.976
610.443
610.910
611.377
611.845
612.312
612.745
613.246
613.680
630.263
630.730
631.197
631.664
632.098
632.565
633.032
633.500
633.967
634.434
634.901
635.368
635.802
636.269
636.736
637.203
637.670
638.104
638.571
639.038
639.506
639.973
640.406
640.874
641.341
641.808
642.275
642.742
643.176
643.643
644.110
644.577
645.044
645.445
645.912
646.379
646.813
647.280
647.747
648.214
648.648
649.115
649.582
650.049
650.517
650.984
651.417
651.885
652.352
652.819
653.253
653.720
654.187
654.654
655.088
655.555
656.022
656.489
656.923
657.390
657.857
659.726
660.193
660.627
661.094
661.561
662.028
662.262
662.495
662.729
662.962
663.196
663.429
663.897
664.330
664.797
665.265
665.732
665.965
666.199
666.432
666.666
666.900
667.100
667.567
668.034
668.501
668.935
669.402
669.636
669.869
670.103
670.336
670.570
670.803
671.237
671.704
672.138
672.372
672.605
672.839
673.072
673.339
673.573
673.806
674.040
674.274
674.474
674.941
675.375
675.842
676.309
676.776
677.243
677.710
678.144
678.611
679.078
679.546
680.013
680.480
680.914
681.381
681.848
682.315
682.782
683.249
683.683
684.150
684.617
685.084
685.552
686.019
686.452
686.920
687.387
687.854
688.288
688.755
689.222
689.689
690.156
690.623
691.057
691.524
691.991
692.458
692.926
693.393
693.826
694.294
694.761
695.228
695.695
696.162
696.563
696.796
697.063
697.297
697.530
697.797
698.031
698.264
698.531
698.765
698.998
699.232
699.499
699.732
699.966
700.233
700.466
700.700
700.967
701.201
701.434
701.701
701.935
702.168
702.435
702.669
702.902
703.169
703.403
703.636
703.836
703.970
704.437
704.871
705.338
705.805
706.272
706.506
706.739
706.973
707.207
707.440
707.674
708.141
708.575
709.042
709.509
709.976
710.210
710.443
710.677
710.910
711.144
711.344
711.811
712.278
712.745
713.179
713.680
713.913
714.147
714.380
714.614
714.847
715.048
715.515
715.982
716.449
716.916
717.383
717.617
717.850
718.084
718.318
718.551
718.751
719.219
719.652
720.119
720.587
721.054
721.487
721.955
722.388
722.855
723.323
723.790
724.257
724.724
725.158
725.625
726.092
726.559
726.993
727.460
727.927
728.394
728.828
729.295
729.762
730.230
730.697
731.164
731.598
732.065
732.532
732.999
733.433
733.900
734.367
734.834
735.268
735.735
736.202
736.669
737.136
737.604
738.037
738.504
738.938
739.405
739.639
739.872
740.106
740.340
740.573
740.840
741.307
741.741
742.208
742.675
743.142
743.376
743.610
743.843
744.077
744.310
744.544
745.011
745.445
745.912
746.379
746.846
747.080
747.313
747.547
747.780
748.014
748.214
748.681
749.148
749.616
750.049
750.516
750.750
750.984
751.217
751.451
751.684
751.918
752.385
752.819
753.286
753.753
754.220
754.454
754.687
754.921
755.154
755.388
755.588
756.055
756.522
756.990
757.423
757.890
758.358
758.825
759.259
759.726
760.193
760.660
761.094
761.594
762.028
762.495
762.962
763.429
763.863
764.330
764.797
765.265
765.698
766.165
766.633
767.100
767.533
768.034
768.468
768.935
769.402
769.869
770.303
770.770
771.237
771.671
772.138
772.605
773.039
773.506
773.973
774.440
774.907
775.375
775.808
776.276
776.743
820.286
821.220
822.155
823.089
824.023
824.957
825.892
826.826
827.760
828.695
829.629
830.563
831.497
832.432
833.399
834.334
835.301
835.768
836.235
836.703
837.170
837.637
838.104
838.571
839.038
839.505
839.972
840.440
840.907
841.374
841.841
842.308
842.775
843.242
843.710
844.177
844.644
845.111
845.578
846.045
846.279
846.512
846.746
846.979
847.213
847.447
847.680
847.914
848.147
848.381
848.500
848.620
848.740
848.859
848.979
849.098
849.218
849.337
849.457
849.577
849.696
849.816
850.283
850.750
851.217
851.684
852.151
852.618
853.086
853.553
854.020
854.520
854.987
855.455
855.922
856.389
856.856
857.323
857.790
858.257
858.725
859.192
859.659
860.126
860.593
861.060
861.527
861.994
862.462
862.929
863.396
863.863
864.330
864.797
865.264
865.732
866.232
866.699
867.166
867.633
868.101
868.568
869.035
869.502
869.969
870.436
870.903
871.371
871.838
872.305
872.772
873.239
873.740
874.207
874.674
875.108
875.575
876.042
876.509
876.976
877.477
877.944
878.411
878.878
879.345
879.812
880.279
887.787
888.254
888.721
889.188
889.689
890.156
890.623
891.090
891.557
891.991
892.458
892.925
893.393
893.860
894.327
894.827
895.294
895.762
896.229
896.696
897.163
897.630
898.097
898.564
899.031
899.499
899.966
900.433
900.900
901.367
901.834
902.301
902.769
903.236
903.703
904.170
904.637
905.138
905.605
906.072
906.539
906.773
907.006
907.240
907.473
907.707
907.940
908.174
908.408
908.524
908.641
908.758
908.875
908.991
909.108
909.225
909.342
909.459
909.575
909.692
909.809
910.276
910.743
911.210
911.677
912.145
912.612
913.079
913.546
914.013
914.480
914.947
915.415
915.882
916.349
916.816
917.283
917.750
918.017
918.251
918.718
919.185
919.652
920.119
920.586
921.053
921.521
922.021
922.488
922.955
923.423
923.890
924.357
924.824
925.024
925.258
925.725
926.192
926.659
927.126
927.627
928.094
928.561
929.028
929.495
929.962
930.430
930.897
931.364
931.831
932.298
932.765
932.999
933.232
933.699
934.167
934.634
935.101
935.601
936.068
936.536
938.404
938.871
939.338
939.806
940.273
940.773
941.240
941.707
942.141
942.608
943.075
943.543
944.043
944.510
944.977
945.445
945.912
946.379
946.846
947.313
947.780
948.247
948.714
949.182
949.649
950.149
950.616
951.083
951.551
952.018
952.485
952.952
953.419
953.886
954.353
954.821
955.288
955.755
956.222
956.722
957.190
957.657
958.124
958.558
959.025
959.492
959.992
960.460
960.927
961.394
961.861
962.328
962.795
963.262
963.729
964.197
964.664
965.131
965.598
966.065
966.566
967.033
967.500
1032.164
1032.498
1032.865
1033.232
1033.599
1033.966
1034.333
1034.667
1035.034
1035.401
1035.735
1036.102
1036.469
1036.836
1037.203
1037.570
1037.904
1038.271
1038.638
1039.005
1039.372
1039.705
1040.072
1040.439
1040.806
1041.173
1041.541
1041.874
1042.241
1042.608
1042.875
1043.175
1043.342
1043.709
1044.076
1044.410
1044.777
1045.144
1045.511
1045.878
1046.245
1046.612
1046.946
1047.313
1047.680
1048.047
1048.414
1048.781
1049.148
1049.515
1049.849
1050.216
1050.583
1050.950
1051.284
1051.651
1052.018
1052.385
1052.752
1053.119
1053.486
1053.819
1054.186
1054.453
1054.720
1054.887
1055.087
1066.832
1067.199
1067.567
1067.934
1068.301
1068.668
1068.968
1069.335
1069.702
1070.069
1070.436
1070.803
1071.170
1071.537
1071.904
1072.271
1072.605
1072.972
1073.339
1073.706
1074.073
1074.440
1074.807
1075.141
1075.508
1075.875
1076.242
1076.576
1076.943
1077.310
1077.677
1078.044
1078.411
1078.778
1079.111
1079.478
1079.845
1080.212
1080.580
1080.947
1081.280
1081.647
1082.014
1082.381
1082.748
1083.115
1083.449
1083.816
1084.183
1084.517
1084.884
1085.251
1085.585
1085.952
1086.319
1086.686
1087.053
1087.386
1087.753
1088.120
1088.487
1088.854
1089.221
1089.589
1089.956
1102.969
1103.336
1103.703
1104.070
1104.403
1104.770
1105.104
1105.504
1105.871
1106.238
1106.606
1106.939
1107.306
1107.640
1108.040
1108.407
1108.774
1109.141
1109.475
1109.842
1110.176
1110.576
1110.943
1111.277
1111.677
1112.011
1112.345
1112.712
1113.079
1113.479
1113.746
1114.013
1114.213
1114.447
1114.914
1115.314
1115.681
1116.048
1116.415
1116.749
1117.049
1117.450
1117.817
1118.184
1118.517
1118.918
1119.251
1119.552
1119.952
1120.319
1120.686
1121.053
1121.420
1121.754
1122.088
1122.455
1122.822
1123.222
1123.556
1123.956
1124.256
1124.624
1125.024
1125.291
1125.558
1125.770
1125.881
1125.992
1143.476
1144.176
1144.910
1145.277
1145.645
1146.345
1147.046
1147.813
1148.180
1148.514
1148.914
1155.021
1155.421
1155.755
1156.122
1156.489
1156.822
1157.189
1157.556
1157.923
1158.290
1158.658
1159.025
1159.358
1159.725
1160.092
1160.459
1160.826
1161.193
1161.527
1161.894
1162.228
1162.595
1162.995
1163.329
1163.729
1168.034
1168.401
1168.768
1169.135
1169.468
1169.802
1170.202
1170.569
1170.970
1171.303
1171.671
1172.004
1172.371
1172.738
1173.105
1173.506
1173.839
1174.240
1174.540
1174.907
1175.274
1175.641
1176.042
1176.375
1176.776
1177.076
1177.443
1177.810
1178.210
1178.577
1178.844
1179.045
1179.245
1179.979
1180.346
1180.713
1181.047
1181.380
1181.781
1182.148
1182.515
1182.882
1183.249
1183.582
1183.916
1184.316
1184.684
1185.051
1185.418
1185.785
1186.085
1186.452
1186.819
1187.219
1187.586
1187.953
1188.320
1188.621
1188.988
1189.355
1189.755
1190.122
1243.175
1243.743
1244.143
1244.543
1244.944
1245.344
1245.745
1246.145
1246.545
1246.946
1247.346
1247.747
1248.147
1248.547
1248.948
1249.348
1249.548
1249.749
1250.149
1250.549
1250.950
1251.350
1251.751
1252.151
1252.551
1252.952
1253.352
1253.753
1254.153
1254.553
1254.954
1255.354
1255.755
1256.155
1256.555
1256.956
1257.356
1257.757
1258.157
1258.557
1258.958
1259.358
1259.759
1260.159
1260.559
1260.960
1261.360
1261.761
1262.161
1262.528
1262.928
1263.329
1263.729
1264.130
1264.530
1264.930
1265.331
1265.731
1266.132
1266.532
1266.932
1267.333
1267.733
1268.134
1268.534
1268.934
1269.335
1269.735
1270.136
1270.536
1270.936
1271.337
1271.737
1272.138
1272.538
1272.938
1273.339
1273.739
1274.140
1274.540
1274.940
1275.341
1275.541
1275.741
1275.941
1276.142
1276.342
1276.542
1276.742
1276.942
1277.143
1277.343
1277.543
1277.710
1277.943
1278.144
1278.310
1278.544
1278.760
1278.866
1279.068
1279.167
1279.382
1279.467
1279.661
1279.767
1279.972
1280.068
1284.517
1285.317
1286.118
1286.919
1287.720
1288.521
1289.355
1290.156
1290.956
1291.757
1292.558
1293.359
1294.160
1313.746
1314.146
1314.547
1314.914
1315.281
1315.714
1316.115
1316.549
1316.949
1317.349
1317.716
1318.117
1318.517
1318.918
1319.351
1319.785
1320.152
1320.519
1320.920
1321.320
1321.720
1322.154
1322.588
1322.955
1323.355
1323.722
1324.123
1324.523
1326.559
1326.959
1327.326
1327.726
1328.093
1328.494
1328.928
1329.361
1329.762
1330.129
1330.529
1330.896
1331.297
1331.730
1332.164
1332.965
1333.332
1333.699
1334.133
1334.533
1334.967
1335.367
1335.768
1336.135
1336.535
1336.936
1337.336
1339.338
1339.738
1340.139
1340.506
1340.906
1341.307
1341.707
1342.141
1342.575
1342.942
1343.309
1343.676
1344.109
1344.510
1344.944
1345.744
1346.111
1346.512
1346.912
1347.313
1347.746
1348.180
1348.547
1348.948
1349.148
1349.348
1349.548
1349.748
1349.949
1350.149
1352.151
1352.284
1352.408
1352.504
1352.952
1353.085
1353.185
1353.752
1353.886
1353.986
1354.553
1354.687
1354.787
1355.354
1355.487
1355.588
1355.721
1356.155
1356.288
1356.427
1356.539
1356.956
1357.089
1357.223
1357.756
1357.890
1358.023
1358.591
1358.958
1359.358
1359.758
1360.159
1360.559
1360.960
1361.360
1361.760
1362.161
1362.561
1362.928
1364.864
1365.264
1365.664
1366.098
1366.498
1366.899
1367.299
1367.700
1368.100
1368.500
1368.934
1369.335
1369.735
1370.135
1370.536
1371.337
1371.737
1372.137
1372.538
1372.938
1373.339
1373.739
1374.139
1374.540
1374.940
1375.341
1375.741
1377.743
1378.143
1378.544
1378.944
1379.345
1379.745
1380.145
1380.546
1380.946
1381.347
1381.747
1382.147
1382.548
1382.948
1383.349
1384.149
1384.550
1384.950
1385.351
1385.751
1386.151
1386.552
1386.952
1387.353
1387.553
1387.753
1387.953
1388.153
1388.354
1388.554
1388.766
1388.865
1390.556
1390.956
1391.357
1391.757
1392.157
1392.558
1392.958
1393.325
1393.726
1394.126
1394.526
1394.927
1395.327
1395.728
1396.128
1396.929
1397.329
1397.730
1398.130
1398.530
1398.931
1399.331
1399.732
1400.132
1400.532
1400.933
1401.333
1403.335
1403.736
1404.136
1404.536
1404.937
1405.337
1405.738
1406.138
1406.538
1406.939
1407.339
1407.740
1408.140
1408.540
1408.941
1409.742
1410.142
1410.542
1410.943
1411.343
1411.744
1412.144
1412.544
1412.945
1413.112
1413.345
1413.512
1413.746
1413.946
1414.113
1416.048
1416.448
1416.849
1417.249
1417.650
1418.050
1418.450
1418.851
1419.251
1419.652
1420.052
1420.452
1420.853
1421.253
1421.654
1422.454
1422.855
1423.255
1423.656
1424.056
1424.456
1424.857
1425.257
1425.658
1426.058
1426.425
1426.859
1428.827
1429.228
1429.628
1430.029
1430.429
1430.829
1431.230
1431.630
1432.031
1432.431
1432.831
1433.232
1433.632
1434.033
1434.433
1435.234
1435.434
1435.634
1435.834
1436.035
1436.235
1436.468
1436.635
1436.869
1437.069
1437.269
1437.469
1437.670
1437.870
1438.070
1438.270
1438.470
1438.680
1438.782
1438.871
1439.079
1439.185
1439.475
1439.584
1439.872
1444.443
1445.244
1446.011
1446.812
1447.613
1448.414
1449.214
1450.015
1450.816
1451.617
1452.418
1453.218
1453.986
1454.787
1455.587
1456.388
1473.639
1474.073
1474.440
1474.807
1475.207
1475.607
1476.008
1476.442
1476.842
1477.242
1477.609
1478.010
1478.410
1478.811
1479.244
1479.678
1480.045
1480.412
1480.813
1481.213
1481.613
1482.047
1482.481
1482.848
1483.248
1483.615
1484.016
1484.450
1486.452
1486.852
1487.252
1487.653
1488.053
1488.454
1488.854
1489.254
1489.655
1490.055
1490.456
1490.856
1491.256
1491.657
1492.057
1492.858
1493.258
1493.625
1494.026
1494.460
1494.827
1495.227
1495.661
1496.061
1496.462
1496.862
1497.262
1499.231
1499.631
1500.032
1500.432
1500.833
1501.233
1501.633
1502.034
1502.468
1502.868
1503.235
1503.669
1504.036
1504.436
1504.870
1505.637
1506.038
1506.405
1506.805
1507.239
1507.673
1508.073
1508.440
1508.841
1509.041
1509.274
1509.475
1509.675
1509.842
1510.042
1512.044
1512.177
1512.277
1512.845
1512.978
1513.078
1513.645
1513.779
1513.879
1514.446
1514.580
1514.698
1514.835
1515.247
1515.381
1515.514
1515.637
1516.048
1516.181
1516.315
1516.849
1516.982
1517.116
1517.683
1517.783
1517.916
1518.017
1518.851
1519.251
1519.651
1520.052
1520.452
1520.853
1521.253
1521.653
1522.054
1522.454
1522.855
1524.857
1525.257
1525.657
1526.058
1526.425
1526.825
1527.226
1527.626
1528.027
1528.427
1528.827
1529.228
1529.628
1530.029
1530.429
1531.230
1531.630
1532.031
1532.431
1532.831
1533.232
1533.632
1534.033
1534.433
1534.833
1535.234
1535.634
1537.636
1538.037
1538.437
1538.837
1539.238
1539.638
1540.039
1540.439
1540.839
1541.240
1541.640
1542.041
1542.441
1542.841
1543.242
1544.043
1544.443
1544.843
1545.244
1545.644
1546.045
1546.445
1546.845
1547.246
1547.446
1547.646
1547.846
1548.047
1548.247
1548.447
1548.667
1548.766
1550.449
1550.849
1551.250
1551.650
1552.051
1552.451
1552.851
1553.252
1553.652
1554.053
1554.453
1554.853
1555.254
1555.654
1556.055
1556.855
1557.256
1557.656
1558.057
1558.457
1558.857
1559.258
1559.658
1560.025
1560.426
1560.826
1561.226
1563.228
1563.629
1564.029
1564.430
1564.830
1565.230
1565.631
1566.031
1566.432
1566.832
1567.232
1567.633
1568.033
1568.434
1568.834
1569.635
1570.035
1570.436
1570.836
1571.236
1571.637
1572.037
1572.438
1572.838
1573.038
1573.238
1573.439
1573.639
1573.839
1574.039
1575.908
1576.308
1576.708
1577.109
1577.509
1577.910
1578.310
1578.710
1579.111
1579.511
1579.912
1580.312
1580.712
1581.113
1581.513
1582.314
1582.714
1583.115
1583.515
1583.916
1584.316
1584.716
1585.117
1585.517
1585.918
1586.318
1586.718
1588.720
1589.121
1589.521
1589.922
1590.322
1590.722
1591.123
1591.523
1591.924
1592.324
1592.724
1593.125
1593.492
1593.892
1594.293
1595.094
1595.294
1595.494
1595.694
1595.928
1596.095
1596.328
1596.495
1596.728
1596.929
1597.129
1597.329
1597.529
1597.729
1597.930
1598.130
1598.297
1599.131
1599.448
1599.561
1599.755
1599.844
1599.946
1604.303
1605.104
1605.904
1606.705
1607.506
1608.307
1609.108
1609.875
1610.676
1611.477
1612.277
1613.078
1613.846
1614.646
1615.447
1616.248
1633.499
1633.932
1634.299
1634.700
1635.067
1635.467
1635.868
1636.335
1636.735
1637.102
1637.503
1637.870
1638.270
1638.704
1639.138
1639.538
1639.905
1640.305
1640.672
1641.106
1641.507
1641.940
1642.341
1642.741
1643.108
1643.475
1643.876
1644.309
1646.311
1646.712
1647.112
1647.513
1647.913
1648.313
1648.714
1649.114
1649.515
1649.915
1650.315
1650.716
1651.116
1651.517
1651.917
1652.718
1653.118
1653.519
1653.919
1654.319
1654.720
1655.120
1655.521
1655.921
1656.321
1656.722
1657.122
1659.124
1659.525
1659.892
1660.292
1660.692
1661.093
1661.493
1661.894
1662.327
1662.728
1663.095
1663.529
1663.896
1664.296
1664.730
1665.497
1665.898
1666.265
1666.665
1667.099
1667.533
1667.933
1668.300
1668.700
1668.901
1669.134
1669.334
1669.535
1669.735
1669.902
1671.904
1672.037
1672.171
1672.704
1672.838
1672.971
1673.505
1673.639
1673.772
1674.339
1674.473
1674.573
1674.673
1675.140
1675.274
1675.374
1675.941
1676.074
1676.175
1676.708
1676.842
1676.975
1677.543
1677.676
1677.806
1677.911
1678.744
1679.111
1679.511
1679.912
1680.312
1680.712
1681.113
1681.513
1681.914
1682.314
1682.714
1684.716
1685.117
1685.517
1685.918
1686.318
1686.718
1687.119
1687.519
1687.920
1688.320
1688.720
1689.121
1689.521
1689.922
1690.322
1691.123
1691.523
1691.924
1692.324
1692.724
1693.125
1693.492
1693.892
1694.293
1694.693
1695.093
1695.494
1697.496
1697.896
1698.297
1698.697
1699.097
1699.498
1699.898
1700.299
1700.699
1701.099
1701.500
1701.900
1702.301
1702.701
1703.101
1703.902
1704.303
1704.703
1705.103
1705.504
1705.904
1706.305
1706.705
1707.105
1707.306
1707.506
1707.706
1707.906
1708.106
1708.307
1708.507
1708.607
1710.309
1710.709
1711.109
1711.510
1711.910
1712.311
1712.711
1713.111
1713.512
1713.912
1714.313
1714.713
1715.113
1715.514
1715.914
1716.715
1717.115
1717.516
1717.916
1718.317
1718.717
1719.117
1719.518
1719.918
1720.319
1720.719
1721.119
1723.121
1723.522
1723.922
1724.323
1724.723
1725.123
1725.524
1725.924
1726.325
1726.692
1727.092
1727.492
1727.893
1728.293
1728.694
1729.494
1729.895
1730.295
1730.696
1731.096
1731.496
1731.897
1732.297
1732.698
1732.898
1733.098
1733.298
1733.498
1733.699
1733.899
1799.364
1799.831
1800.299
1800.799
1801.266
1801.733
1802.200
1802.668
1803.135
1803.602
1804.069
1804.536
1805.003
1805.470
1805.937
1806.405
1806.872
1807.339
1807.806
1808.273
1808.740
1809.207
1809.675
1810.142
1810.609
1811.076
1811.543
1812.010
1812.511
1812.978
1813.445
1813.912
1814.379
1814.613
1814.846
1815.080
1815.314
1815.547
1815.781
1816.014
1816.248
1816.481
1816.715
1816.948
1817.182
1817.416
1817.649
1817.883
1818.116
1818.350
1818.583
1818.817
1819.051
1819.284
1819.518
1819.751
1819.985
1820.218
1820.485
1820.719
1820.952
1821.186
1821.420
1821.653
1821.887
1822.120
1822.354
1822.554
1822.788
1823.021
1823.255
1823.488
1823.722
1823.955
1824.222
1824.456
1824.690
1824.923
1825.157
1825.390
1825.624
1825.857
1826.091
1826.325
1826.558
1826.792
1827.025
1827.259
1827.492
1827.726
1827.959
1828.193
1828.427
1829.361
1829.828
1830.295
1830.762
1831.229
1831.697
1832.197
1832.664
1833.131
1833.598
1834.066
1834.533
1835.000
1835.467
1835.934
1836.401
1836.868
1837.336
1837.803
1838.270
1838.737
1839.204
1839.671
1840.138
1840.605
1841.073
1841.540
1842.007
1842.474
1842.941
1843.408
1843.909
1844.376
1844.609
1844.843
1845.077
1845.310
1845.544
1845.777
1846.011
1846.244
1846.478
1846.712
1846.945
1847.179
1847.412
1847.646
1847.879
1848.113
1848.347
1848.580
1848.814
1849.047
1849.281
1849.514
1849.748
1849.981
1850.215
1850.449
1850.682
1850.916
1851.149
1851.383
1851.650
1851.883
1852.117
1852.351
1852.584
1852.818
1853.051
1853.285
1853.518
1853.752
1853.985
1854.219
1854.453
1854.686
1854.920
1855.153
1855.387
1855.620
1855.854
1856.088
1856.321
1856.555
1856.788
1857.022
1857.255
1857.489
1857.723
1857.956
1858.190
1858.423
1858.657
1858.890
1859.124
1859.358
1859.825
1860.292
1860.759
1861.226
1861.693
1862.160
1862.627
1863.095
1863.595
1864.062
1864.529
1864.996
1865.464
1865.931
1866.398
1866.865
1867.332
1867.799
1868.266
1868.734
1869.201
1869.701
1870.135
1870.602
1871.069
1871.570
1872.037
1872.504
1872.938
1873.405
1873.872
1874.373
1874.607
1874.841
1875.075
1875.309
1875.544
1875.778
1876.012
1876.246
1876.480
1876.715
1876.949
1877.183
1877.417
1877.652
1877.886
1878.120
1878.354
1878.588
1878.823
1879.057
1879.291
1879.525
1879.760
1879.994
1880.228
1880.462
1880.696
1880.931
1881.165
1881.399
1881.633
1881.868
1882.102
1882.336
1882.570
1882.804
1883.039
1883.273
1883.507
1883.741
1883.976
1884.210
1884.444
1884.678
1884.912
1885.147
1885.381
1885.615
1885.849
1886.084
1886.318
1886.552
1886.786
1887.020
1887.255
1887.489
1887.723
1887.957
1888.192
1888.426
1888.660
1888.894
1889.128
1889.363
1889.597
1889.831
1890.065
1890.300
1890.534
1890.768
1891.002
1891.236
1891.471
1891.705
1891.939
1892.173
1892.408
1892.642
1892.876
1893.110
1893.344
1893.579
1893.813
1894.047
1894.281
1894.515
1894.750
1894.984
1895.218
1895.452
1895.687
1895.921
1896.155
1896.389
1896.623
1896.858
1897.092
1897.326
1897.560
1897.795
1898.029
1898.263
1898.497
1898.731
1898.966
1899.200
1899.434
1899.668
1899.903
1900.137
1900.371
1900.605
1900.839
1901.074
1901.308
1901.542
1901.776
1902.011
1902.245
1902.479
1902.713
1902.947
1903.182
1903.416
1903.650
1903.884
1904.119
1904.353
1904.587
1904.821
1905.055
1905.290
1905.524
1905.758
1905.992
1906.227
1906.461
1906.695
1906.929
1907.163
1907.398
1907.632
1907.866
1908.100
1908.335
1908.569
1908.803
1909.037
1909.271
1909.506
1909.740
1909.974
1910.208
1910.443
1910.677
1910.911
1911.145
1911.379
1911.614
1911.848
1912.082
1912.316
1912.551
1912.785
1913.019
1913.253
1913.487
1913.722
1913.956
1914.190
1914.424
1914.658
1914.893
1915.127
1915.361
1915.595
1915.830
1916.064
1916.298
1916.532
1916.766
1917.001
1917.235
1917.469
1917.703
1917.938
1918.172
1918.406
1918.640
1918.874
1919.109
1919.343
1919.577
1919.811
1920.046
1920.280
1920.514
1920.748
1920.982
1921.217
1921.451
1921.685
1921.919
1922.154
1922.388
1922.622
1922.856
1923.090
1923.325
1923.559
1923.793
1924.027
1924.262
1924.496
1924.730
1924.964
1925.198
1925.433
1925.667
1925.901
1926.135
1926.370
1926.604
1926.838
1927.072
1927.306
1927.541
1927.775
1928.009
1928.243
1928.478
1928.712
1928.946
1929.180
1929.414
1929.649
1929.883
1930.117
1930.351
1930.586
1930.820
1931.054
1931.288
1931.522
1931.757
1931.991
1932.225
1932.459
1932.694
1932.928
1933.162
1933.396
1933.630
1933.865
1934.099
