19.389
19.889
20.357
20.857
21.324
21.825
22.325
22.792
23.293
23.760
24.260
24.728
25.195
25.695
26.196
26.663
27.163
27.630
28.131
28.598
29.099
29.566
30.033
30.533
31.001
31.501
31.968
32.469
32.936
33.436
33.903
34.404
34.904
35.138
35.372
35.872
36.106
36.339
36.840
37.073
37.340
37.807
38.041
38.308
38.775
39.009
39.242
39.743
39.976
40.210
40.710
40.944
41.177
41.678
41.911
42.145
42.645
43.113
44.581
45.048
46.483
46.983
48.418
48.918
50.353
50.854
51.087
51.321
51.588
51.821
52.322
52.789
53.023
53.256
53.523
53.757
54.257
54.758
54.958
55.225
55.458
55.725
56.192
56.659
56.893
57.160
57.394
57.627
58.128
58.628
58.862
59.095
59.329
59.596
60.063
60.563
60.797
61.031
61.297
61.531
61.998
62.499
62.766
62.966
63.199
63.433
63.933
64.401
64.667
64.934
65.135
65.402
65.869
66.102
66.336
66.603
66.836
67.070
67.337
67.804
68.038
68.304
68.538
68.772
69.005
69.272
69.773
69.973
70.206
70.473
70.707
70.907
71.207
71.674
71.908
72.175
72.375
72.642
72.876
73.143
73.610
73.810
74.077
74.310
74.577
74.811
75.045
75.545
75.779
76.012
76.279
76.513
76.746
76.980
77.480
77.714
77.947
78.214
78.448
78.681
78.915
79.416
79.649
79.883
80.116
80.350
80.617
80.850
81.351
81.584
81.818
82.318
82.552
82.819
83.286
83.520
83.787
84.254
84.487
84.754
85.221
85.455
85.688
86.189
86.423
86.689
87.157
87.390
87.624
88.124
88.358
88.591
89.092
89.325
89.559
90.026
90.293
90.527
91.027
91.294
91.494
91.961
92.228
92.462
92.962
93.229
93.463
93.930
94.197
94.431
94.898
95.365
95.865
96.366
96.833
97.067
97.333
97.567
97.801
98.034
98.301
98.535
98.768
99.002
99.269
99.502
99.736
99.969
100.236
100.470
100.703
100.904
101.171
101.404
101.638
101.905
102.138
102.372
102.672
102.872
103.139
103.373
103.606
103.873
104.107
104.340
104.574
104.808
105.075
105.308
105.542
105.809
106.042
106.276
106.509
106.776
107.010
107.243
107.477
107.710
107.977
108.211
108.445
108.678
108.912
109.179
109.412
109.646
109.879
110.146
110.380
110.613
110.847
111.114
111.347
111.581
111.815
112.082
112.315
145.281
146.249
147.217
148.184
149.152
150.120
151.054
152.021
152.956
153.456
153.923
154.424
154.891
155.358
155.859
156.326
156.793
157.293
157.760
158.261
158.728
159.195
159.696
160.196
160.663
161.131
161.598
162.098
162.565
163.066
163.533
164.000
164.501
164.968
165.468
165.935
166.402
166.903
167.370
168.338
168.805
169.172
170.273
170.740
171.107
172.175
173.143
174.110
176.012
176.479
176.846
177.914
178.414
178.781
179.883
180.817
181.784
183.720
183.953
184.187
184.554
184.921
185.155
185.622
185.889
186.122
186.489
186.823
187.090
187.557
187.790
188.024
188.391
188.758
188.992
189.492
189.726
189.959
190.326
190.693
190.927
191.394
191.594
191.828
192.095
192.328
192.562
192.795
193.029
193.263
193.496
193.796
193.997
194.264
194.497
194.731
194.964
195.198
195.465
195.698
195.932
196.166
196.399
196.633
196.866
197.133
197.367
197.600
197.867
198.067
198.301
198.568
198.801
199.068
199.536
200.003
200.503
200.970
201.471
201.938
202.405
202.906
203.373
203.873
204.340
204.841
205.308
205.808
206.276
206.743
207.210
207.710
208.211
208.678
209.145
209.612
210.113
210.613
211.548
212.482
212.982
213.449
213.917
214.417
214.918
215.385
215.852
216.352
216.586
216.819
217.086
217.320
217.554
217.787
218.288
218.521
218.755
218.988
219.222
219.489
219.722
219.956
220.190
220.690
221.157
221.624
222.125
222.358
222.592
222.825
223.092
223.326
223.560
223.793
224.027
224.527
224.994
225.495
225.962
226.196
226.429
226.696
226.930
227.163
227.397
227.630
227.864
228.364
228.831
229.332
229.799
230.033
230.300
230.500
230.767
231.000
231.234
231.501
231.734
233.603
234.103
234.604
235.071
235.538
236.039
236.506
237.006
237.473
237.941
238.408
238.908
239.409
239.876
240.343
240.843
241.311
241.811
242.278
242.745
243.213
243.713
244.214
244.681
245.148
245.615
246.115
246.583
247.083
247.550
248.051
248.518
248.985
249.219
249.485
249.719
249.953
250.186
250.420
250.920
251.154
251.387
251.621
251.888
252.121
252.355
252.822
253.056
253.289
253.523
253.790
254.023
254.257
254.724
254.991
255.225
255.458
255.692
255.925
256.192
256.659
256.926
257.160
257.393
257.627
257.894
258.127
258.595
258.795
259.062
259.295
259.529
259.796
259.996
260.496
260.763
260.997
261.231
261.497
261.731
261.965
262.432
262.665
262.932
263.132
263.399
263.633
263.900
264.334
264.834
265.335
265.802
266.269
266.736
267.237
267.704
268.204
268.671
269.138
269.639
270.106
270.607
271.074
271.574
272.041
272.508
273.009
273.476
273.943
274.410
274.911
275.378
275.878
276.813
277.780
279.716
280.183
280.683
281.150
281.618
281.884
282.118
282.352
282.585
282.819
283.086
283.319
283.553
283.786
284.020
284.287
284.520
284.754
284.988
285.221
285.488
285.722
285.955
286.189
286.422
286.689
286.923
287.156
287.390
287.624
287.890
288.124
288.358
288.591
288.825
289.092
289.325
289.559
289.792
290.026
290.293
290.526
290.760
290.994
291.261
291.494
291.728
291.961
292.195
292.428
292.695
292.929
293.162
293.396
293.596
293.863
294.097
294.330
294.564
294.831
295.064
295.298
295.531
295.798
296.032
296.266
296.499
296.766
297.000
297.233
297.500
297.700
297.934
298.201
298.434
298.701
298.935
299.869
300.837
301.804
302.772
303.706
304.674
305.642
306.609
307.076
307.543
308.044
308.544
309.012
309.512
309.979
310.446
310.947
311.414
311.881
312.348
312.849
313.316
313.816
314.284
314.751
315.218
315.718
316.185
316.653
317.153
317.620
318.121
318.588
319.088
319.555
320.023
320.523
320.990
321.491
321.958
343.713
345.548
347.350
348.251
349.152
350.086
350.987
351.454
351.921
352.388
352.822
353.289
353.756
354.223
354.691
355.124
355.591
356.059
356.492
356.959
357.427
357.860
358.328
358.561
358.795
359.262
359.696
360.163
360.630
361.097
361.531
361.998
362.231
362.465
362.932
363.366
363.833
364.267
364.734
365.201
365.668
366.135
366.602
366.803
367.036
367.503
367.937
368.404
368.638
368.871
369.339
369.806
370.273
370.473
370.707
371.140
371.607
372.075
372.542
373.009
373.476
373.910
374.143
374.377
374.811
375.278
375.745
375.978
376.179
376.646
377.113
377.580
377.814
378.047
378.514
378.981
379.415
379.682
379.882
380.316
380.783
381.217
381.451
381.684
382.151
382.618
383.052
383.286
383.519
383.986
384.420
384.887
385.121
385.355
385.855
386.089
386.322
386.522
386.756
386.989
387.190
387.657
387.890
388.091
388.558
388.791
389.025
389.492
389.726
389.959
390.426
390.626
390.860
391.327
391.527
391.794
392.228
392.462
392.695
393.162
393.596
394.063
394.530
394.997
395.431
395.898
396.366
396.799
397.266
397.700
398.167
398.634
399.102
399.569
400.002
400.470
400.937
401.404
401.838
402.305
402.505
402.772
402.972
403.206
403.439
403.706
404.140
404.374
404.607
404.807
405.041
405.274
405.508
405.975
406.209
406.442
406.642
406.876
407.110
407.343
407.810
408.044
408.277
408.511
408.745
408.978
409.178
409.645
409.912
410.146
410.346
410.580
410.813
411.013
411.481
411.714
411.914
412.148
412.382
412.615
412.849
413.316
413.516
413.750
413.983
414.217
414.450
414.684
414.917
415.118
415.351
415.585
415.818
416.052
416.252
416.486
416.753
416.953
417.420
417.887
418.321
418.821
419.021
419.255
419.489
419.689
419.956
420.156
420.390
420.623
421.090
421.524
421.991
422.458
422.692
422.925
423.159
423.393
423.626
423.860
424.093
424.293
424.761
424.994
425.228
425.461
425.695
426.129
426.596
426.796
427.029
427.263
427.497
427.930
428.431
428.865
429.332
429.766
429.999
430.233
430.466
430.700
430.933
431.134
431.601
432.068
432.535
432.969
433.469
433.703
433.903
434.137
434.370
434.604
434.837
435.271
435.738
436.205
436.639
437.106
437.573
438.040
438.474
438.941
439.409
439.642
439.876
440.076
440.309
440.777
441.244
441.477
441.711
441.911
442.145
442.612
442.812
443.045
443.279
443.513
443.746
443.980
444.213
444.414
444.647
444.914
445.148
445.348
445.581
445.815
446.048
446.282
446.516
446.749
446.983
447.183
447.417
447.650
447.884
448.084
448.351
448.551
448.785
448.985
449.218
449.452
449.685
449.919
450.153
450.386
450.620
450.853
451.087
451.320
451.554
451.788
452.021
452.255
452.488
452.688
452.922
453.156
453.389
453.589
453.823
454.056
454.290
454.524
454.757
454.991
455.191
455.425
455.658
455.892
456.125
456.359
456.592
456.793
457.026
457.293
457.527
457.727
458.194
458.428
458.661
459.128
459.362
459.562
460.029
460.263
460.496
460.930
461.164
461.364
461.631
461.864
462.064
462.298
462.532
462.765
462.999
463.232
463.466
463.699
463.900
464.167
464.367
464.600
465.067
465.501
465.935
466.402
466.869
467.336
467.804
489.892
490.760
491.661
492.528
493.429
494.330
495.231
495.665
496.098
496.532
496.966
497.400
497.867
498.301
498.534
498.734
499.202
499.635
500.069
500.536
500.970
501.404
501.737
502.071
502.271
502.738
503.206
503.639
504.106
504.540
504.974
505.441
505.641
505.875
506.309
506.776
507.210
507.643
508.110
508.544
508.878
509.212
509.445
509.879
510.313
510.780
510.980
511.214
511.647
512.114
512.548
512.748
512.982
513.416
513.883
514.317
514.750
515.184
515.618
516.085
516.519
518.287
518.521
518.754
519.188
519.422
519.655
520.089
520.323
520.556
520.990
521.224
521.424
521.858
522.091
522.291
522.758
522.959
523.192
523.626
523.860
524.093
524.527
524.760
524.961
525.428
525.628
525.862
526.295
526.529
526.762
527.196
527.430
527.630
528.097
528.297
528.531
528.965
529.198
529.432
529.866
530.066
530.299
530.733
530.967
531.200
531.634
531.868
532.068
532.535
532.969
533.402
533.870
534.270
534.537
534.737
534.971
535.204
535.404
535.638
536.072
536.305
536.539
536.739
536.973
537.206
537.406
537.874
538.074
538.274
538.541
538.741
538.975
539.208
539.642
539.876
540.076
540.309
540.543
540.743
540.977
541.410
541.611
541.844
542.078
542.311
542.545
542.745
543.212
543.412
543.646
543.880
544.080
544.313
544.547
544.981
545.214
545.414
545.615
545.882
546.282
546.749
546.949
547.183
547.416
547.617
547.850
548.084
548.284
548.518
548.751
548.951
549.185
549.418
549.619
549.852
550.086
550.286
550.520
550.753
550.953
551.187
551.420
551.621
551.854
552.088
552.288
552.522
552.755
552.955
553.189
553.422
553.856
554.090
554.290
554.524
554.757
554.957
555.191
555.424
555.625
555.858
556.058
556.292
556.526
556.726
556.959
557.193
557.426
557.627
557.860
558.094
558.294
558.528
558.761
558.961
559.195
559.428
559.629
559.862
560.096
560.296
560.530
560.763
560.997
561.430
561.898
562.331
562.765
563.199
563.633
564.100
564.534
564.967
565.434
565.868
566.269
566.736
567.203
567.637
568.070
568.504
568.971
569.405
569.872
570.306
570.740
571.207
571.641
572.108
572.542
572.975
573.409
575.211
575.411
575.645
576.078
576.312
576.546
576.946
577.179
577.413
577.880
578.080
578.314
578.748
578.948
579.215
579.615
579.849
580.082
580.516
580.750
580.950
581.417
581.617
581.851
582.318
582.518
582.752
583.185
583.419
583.619
584.086
584.287
584.520
584.987
585.187
585.421
585.855
586.088
586.289
586.756
586.956
587.189
587.623
587.857
588.090
588.524
588.758
588.958
589.392
589.625
589.859
590.092
590.293
590.526
590.760
591.193
591.427
591.627
591.861
592.094
592.295
592.528
592.962
593.195
593.429
593.629
593.863
594.096
594.297
594.764
594.964
595.197
595.431
595.631
595.865
596.098
596.299
596.532
596.732
596.966
597.199
597.400
597.633
597.867
598.301
598.534
598.734
598.968
599.201
599.402
599.635
600.069
600.303
600.503
600.736
600.970
601.203
601.404
601.871
602.071
602.305
602.538
602.738
602.972
603.205
603.606
605.408
605.875
606.309
606.742
607.209
607.643
608.077
608.544
608.978
609.412
609.879
610.313
610.780
611.213
611.647
612.081
612.548
612.949
613.416
613.849
614.283
615.184
616.085
616.419
616.752
616.953
617.286
617.620
617.853
618.087
618.287
618.721
618.955
619.188
619.655
619.855
620.089
620.289
620.523
620.756
620.990
621.190
621.424
621.657
621.891
622.091
622.325
622.558
622.758
622.992
623.225
623.426
623.659
623.859
624.093
624.293
624.560
624.760
624.994
625.227
625.428
625.661
625.895
626.095
626.329
626.762
626.996
627.229
627.430
627.663
627.897
628.097
628.297
628.531
628.764
628.965
629.231
629.432
629.632
629.865
630.099
630.299
630.533
630.766
630.967
631.200
632.101
632.535
632.969
633.202
633.402
633.636
633.869
634.070
634.303
634.537
634.737
634.971
635.204
635.404
635.638
635.871
636.072
636.305
636.539
636.772
636.973
637.206
637.406
637.640
637.873
638.074
638.307
638.541
638.741
638.975
639.208
639.408
639.642
639.875
640.076
640.309
640.543
640.743
640.977
641.210
641.444
641.644
641.877
642.078
642.311
642.545
642.778
642.979
643.212
643.412
643.646
643.879
644.113
644.313
644.547
644.747
644.981
645.214
645.414
645.648
645.881
646.115
646.282
646.515
646.749
646.949
647.216
647.416
647.650
647.883
648.084
648.317
648.551
648.751
648.985
649.218
649.418
649.852
650.086
650.286
650.519
650.753
650.953
651.187
651.654
651.887
652.088
652.321
652.555
652.755
652.989
653.422
653.656
653.889
654.090
654.323
654.557
654.757
654.957
655.191
655.424
655.625
655.891
656.092
656.325
656.525
656.959
657.193
657.426
657.627
657.860
658.094
658.294
658.761
658.995
659.195
659.395
659.629
659.862
660.096
660.529
660.763
660.997
661.197
661.430
661.631
661.864
662.098
662.298
662.765
663.199
663.633
664.100
664.533
664.967
665.434
706.142
707.043
707.910
708.811
709.712
710.613
711.480
712.381
713.249
713.683
714.150
714.583
715.017
715.484
715.918
716.352
716.819
717.253
717.687
718.154
718.587
719.021
719.488
719.922
720.356
720.589
720.823
721.023
721.257
721.457
721.691
721.924
722.158
722.358
722.591
722.792
723.025
723.259
723.492
723.693
723.926
724.160
724.360
724.593
724.827
725.027
725.261
725.494
725.695
725.928
726.128
726.362
726.595
727.463
727.930
728.364
728.597
728.798
729.265
729.699
730.132
730.332
730.599
731.033
731.467
731.901
732.134
732.368
732.802
733.269
733.703
733.936
734.136
734.603
735.037
735.471
735.705
735.938
736.372
736.806
737.273
737.473
737.707
738.140
738.574
739.008
739.241
739.475
739.909
740.342
740.810
741.010
741.243
741.677
741.911
742.144
742.578
742.812
743.012
743.479
743.679
743.946
744.346
744.580
744.814
745.247
745.481
745.681
746.148
746.348
746.582
747.016
747.249
747.483
747.917
748.150
748.350
748.818
749.018
749.251
749.685
749.919
750.119
750.586
750.820
751.020
751.487
751.687
751.921
752.121
752.354
752.588
752.822
753.022
753.255
753.489
753.689
753.923
754.156
754.356
754.590
754.790
755.024
755.257
755.458
755.925
756.358
756.792
757.259
757.693
758.127
758.594
759.028
766.602
767.036
767.470
767.937
768.337
768.804
769.271
769.705
770.139
770.606
770.806
771.006
771.273
771.474
771.907
772.341
772.575
772.808
773.008
773.242
773.676
774.143
774.343
774.577
774.810
775.010
775.478
775.911
776.145
776.345
776.579
776.812
777.246
777.680
777.913
778.147
778.347
778.581
779.014
779.482
779.682
779.949
780.149
780.382
780.816
781.684
782.618
783.486
784.353
784.587
784.820
785.254
785.488
785.688
786.155
786.355
786.589
787.022
787.256
787.490
787.923
788.157
788.357
788.791
789.024
789.258
789.692
789.925
790.126
790.593
790.793
791.026
791.460
791.694
791.927
792.361
792.595
792.828
793.262
793.462
793.696
794.130
794.363
794.597
795.030
795.264
795.498
795.931
796.132
796.365
796.799
797.032
797.266
797.466
797.700
797.933
798.134
798.601
799.034
799.268
799.468
799.702
799.935
800.336
800.803
801.036
801.270
801.470
801.704
802.138
802.571
802.805
803.038
803.272
803.472
803.939
804.140
804.373
804.607
804.807
805.007
805.241
805.674
805.908
806.142
806.342
806.575
806.809
807.009
807.476
807.710
807.943
808.144
808.377
808.577
808.811
809.245
809.678
810.146
810.579
811.013
811.447
811.914
812.348
839.241
839.675
840.109
840.509
840.943
841.377
841.811
842.244
842.678
843.112
843.512
843.946
844.380
844.814
845.247
845.648
846.081
846.515
846.949
847.383
847.817
848.217
848.651
849.084
849.485
849.919
850.352
850.786
851.187
851.654
852.087
852.488
852.922
853.355
853.789
854.223
854.657
855.090
855.524
855.958
856.358
856.792
857.193
857.660
858.093
858.494
858.928
859.361
859.795
859.995
860.229
860.663
860.863
861.096
861.497
861.730
861.931
862.364
862.598
862.798
863.232
863.465
863.666
864.066
864.300
864.500
864.967
865.167
865.401
865.601
865.835
866.035
866.235
866.635
866.869
867.102
867.503
867.703
867.937
868.370
868.604
868.804
869.238
869.438
869.672
870.072
870.306
870.506
870.940
871.140
871.373
871.807
872.007
872.208
872.441
872.675
872.875
873.108
873.509
873.742
873.943
874.376
874.610
874.810
875.211
875.678
876.111
876.512
876.946
877.379
877.813
878.013
878.247
878.681
879.114
879.515
879.715
879.949
880.382
880.816
881.250
881.450
881.684
882.117
882.318
882.518
882.952
883.185
883.385
883.786
884.220
884.653
884.887
885.087
885.521
885.955
886.355
886.589
886.789
887.256
887.656
888.090
888.290
888.490
888.924
889.124
889.358
889.792
889.992
890.226
890.659
891.093
891.527
891.727
891.961
892.361
892.795
893.229
893.429
893.662
894.096
894.296
894.496
894.930
895.130
895.364
895.798
895.998
896.232
896.665
896.866
897.099
897.533
897.733
897.933
898.400
898.601
898.834
899.235
899.468
899.668
900.102
900.302
900.502
900.970
901.170
901.370
901.837
902.004
902.238
902.671
903.072
903.505
903.939
904.373
904.807
905.241
905.674
906.108
906.508
906.942
907.376
907.810
908.244
908.644
909.078
909.511
909.945
910.379
910.813
911.213
911.647
912.081
912.481
912.948
913.382
913.816
914.216
914.683
915.117
915.517
915.951
916.385
916.785
917.219
917.653
918.087
918.487
918.921
919.388
919.822
920.222
920.656
921.090
921.490
921.957
922.391
922.825
923.225
923.659
924.126
924.526
924.960
925.394
925.828
926.228
926.662
927.096
927.529
927.963
928.397
928.831
929.231
929.665
930.099
930.299
930.532
930.933
931.166
931.367
931.800
932.001
932.234
932.668
932.902
933.102
933.502
933.702
933.936
934.370
934.603
934.837
935.237
935.437
935.671
935.871
936.105
936.305
936.538
936.939
937.172
937.373
937.806
938.007
938.240
938.674
938.874
939.108
939.508
939.742
939.942
940.376
940.609
940.809
941.243
941.477
941.677
942.111
942.344
942.511
942.745
942.945
943.145
943.379
943.812
944.046
944.213
944.680
944.880
945.114
945.547
945.748
945.981
946.415
946.615
946.815
947.249
947.683
948.117
948.317
948.517
948.951
949.385
949.818
950.019
950.219
950.686
951.120
951.520
951.720
951.954
952.388
952.821
953.255
953.455
953.689
954.089
954.290
954.523
954.723
954.957
955.157
955.357
955.824
956.025
956.225
956.458
956.659
956.859
957.092
957.526
957.726
957.960
958.160
958.394
958.594
958.827
959.228
959.461
959.662
959.895
960.095
960.296
960.529
960.963
961.163
961.397
961.830
961.997
962.231
962.665
962.898
963.098
963.532
963.732
963.966
964.400
964.600
964.833
965.234
965.467
965.668
966.135
966.335
966.535
966.969
967.169
967.403
967.803
968.237
968.671
968.871
969.104
969.538
969.972
970.406
970.606
970.839
971.240
971.674
972.074
972.308
972.541
972.942
973.375
973.809
974.209
974.677
975.110
975.511
975.945
976.412
976.812
977.246
977.680
978.113
978.547
978.948
979.381
979.848
980.249
980.683
981.116
981.517
981.951
982.384
982.818
983.252
983.686
984.119
984.520
984.954
985.387
985.821
986.255
986.689
987.122
987.556
987.990
988.424
988.857
989.258
989.692
990.125
990.559
990.960
991.393
991.827
992.227
992.661
993.095
993.529
993.963
994.396
994.830
995.230
995.664
996.131
996.498
996.966
997.399
997.833
998.233
998.701
999.134
999.535
999.969
1000.402
1000.836
1001.236
1001.637
1002.037
1002.438
1002.838
1003.238
1003.639
1004.073
1004.473
1004.873
1005.240
1005.674
1006.108
1006.508
1006.909
1007.309
1007.710
1008.110
1008.510
1008.944
1009.345
1009.745
1010.145
1010.546
1010.946
1011.347
1011.747
1012.181
1012.548
1012.982
1013.349
1013.782
1014.183
1014.383
1014.583
1015.017
1015.417
1015.818
1016.018
1016.218
1016.618
1017.019
1017.419
1017.619
1017.820
1018.253
1018.654
1019.054
1019.254
1019.455
1019.855
1020.255
1020.689
1020.889
1021.090
1021.490
1021.890
1022.291
1022.491
1022.691
1023.092
1023.525
1023.926
1024.126
1024.326
1024.727
1024.927
1025.127
1025.327
1025.527
1025.761
1025.928
1026.362
1026.562
1026.762
1027.162
1027.396
1027.563
1027.997
1028.197
1028.364
1028.797
1028.964
1029.198
1029.598
1029.798
1029.999
1030.399
1030.599
1030.799
1031.200
1031.400
1031.600
1031.800
1032.034
1032.234
1032.434
1032.835
1033.035
1033.235
1033.635
1033.836
1034.069
1034.470
1034.670
1034.870
1035.270
1035.471
1035.704
1036.105
1036.271
1036.505
1036.905
1037.106
1037.306
1037.706
1037.906
1038.107
1038.507
1038.707
1038.907
1039.341
1039.541
1040.142
1040.342
1040.943
1041.143
1041.777
1041.977
1042.578
1042.778
1043.412
1043.612
1044.213
1044.413
1045.014
1045.214
1052.321
1052.488
1053.088
1053.322
1053.922
1054.123
1054.723
1054.957
1055.524
1055.758
1056.358
1056.558
1057.192
1057.393
1057.960
1058.193
1058.794
1059.194
1059.595
1059.995
1060.396
1060.829
1061.230
1061.630
1062.031
1062.431
1062.831
1063.232
1063.632
1064.066
1064.466
1064.867
1065.267
1065.701
1066.068
1066.468
1066.869
1067.302
1067.703
1068.070
1068.504
1068.904
1069.304
1069.738
1070.139
1070.539
1070.939
1071.340
1071.740
1071.974
1072.574
1072.775
1073.375
1073.575
1074.176
1074.410
1075.010
1075.210
1075.844
1076.045
1076.645
1076.845
1077.446
1077.646
1078.280
1078.447
1078.647
1079.048
1079.248
1079.481
1079.882
1080.082
1080.282
1080.682
1080.883
1081.083
1081.483
1081.884
1082.284
1082.684
1083.118
1083.519
1083.919
1084.319
1084.753
1084.953
1085.154
1085.554
1085.754
1085.954
1086.355
1086.555
1086.755
1087.156
1087.389
1087.556
1087.956
1088.190
1088.390
1088.791
1088.991
1089.191
1089.591
1089.792
1089.992
1090.392
1090.592
1090.826
1091.226
1091.627
1092.061
1092.461
1092.861
1093.262
1093.662
1094.063
1094.463
1094.897
1095.264
1095.697
1096.098
1096.465
1096.899
1097.299
1097.699
1097.900
1098.534
1098.734
1099.301
1099.535
1100.135
1100.335
1100.936
1101.136
1101.737
1101.970
1102.571
1102.971
1103.372
1103.772
1104.173
1104.606
1104.773
1104.973
1105.207
1105.374
1105.808
1106.208
1106.408
1106.608
1106.809
1107.042
1107.409
1107.843
1108.243
1108.644
1109.044
1109.478
1109.878
1110.245
1110.679
1111.080
1111.280
1111.480
1111.680
1111.880
1112.281
1112.681
1112.881
1113.082
1113.315
1113.515
1113.916
1114.316
1114.550
1114.716
1114.917
1115.117
1115.517
1115.751
1115.918
1116.118
1116.351
1116.518
1116.718
1117.152
1117.352
1117.953
1118.187
1118.787
1118.987
1119.588
1119.788
1120.389
1120.589
1121.223
1121.423
1122.057
1122.458
1122.858
1123.258
1123.659
1123.859
1124.059
1124.460
1124.660
1124.860
1125.260
1125.461
1125.661
1126.095
1126.261
1126.495
1126.895
1127.096
1127.296
1127.696
1127.896
1128.097
1128.497
1128.697
1128.897
1129.298
1129.531
1129.731
1130.132
1130.499
1130.732
1130.933
1131.133
1131.333
1131.767
1132.167
1132.367
1132.568
1132.768
1132.968
1133.402
1133.769
1133.969
1134.169
1134.369
1134.603
1135.003
1135.404
1135.571
1135.804
1136.004
1136.205
1136.605
1136.805
1137.039
1137.239
1137.406
1137.606
1137.806
1138.240
1138.440
1138.640
1138.841
1139.041
1139.241
1139.475
1139.875
1140.042
1140.275
1140.476
1140.676
1140.876
1141.076
1141.477
1141.910
1142.311
1142.711
1143.078
1143.312
1143.512
1143.712
1143.912
1144.146
1144.346
1144.746
1144.947
1145.147
1145.347
1145.547
1145.747
1145.948
1146.348
1146.548
1146.748
1146.949
1147.149
1147.349
1147.549
1147.950
1148.183
1148.383
1148.584
1148.784
1148.984
1149.184
1149.585
1150.385
1151.220
1152.054
1152.855
1153.255
1153.655
1154.056
1154.456
1154.857
1155.257
1155.691
1156.091
1156.291
1156.492
1156.892
1157.092
1157.326
1157.693
1157.893
1158.093
1158.527
1158.727
1158.927
1159.328
1159.528
1159.728
1160.129
1160.329
1160.529
1160.963
1161.163
1161.363
1161.763
1161.964
1162.164
1162.564
1162.764
1162.965
1163.165
1163.365
1163.565
1163.765
1163.999
1164.199
1164.399
1164.600
1164.800
1165.000
1165.200
1165.400
1165.801
1166.201
1166.602
1167.035
1167.436
1167.836
1168.237
1168.637
1169.037
1169.471
1169.872
1170.239
1170.672
1171.073
1171.473
1171.907
1172.307
1172.708
1173.108
1173.509
1173.909
1174.309
1174.743
1175.144
1175.544
1175.944
1176.378
1176.778
1177.179
1177.579
1177.980
1178.380
1178.780
1178.981
1179.581
1179.781
1180.382
1180.582
1181.216
1181.383
1182.017
1182.251
1182.851
1183.051
1183.652
1183.852
1184.486
1184.686
1185.254
1185.687
1186.088
1186.488
1186.889
1187.322
1187.689
1188.090
1188.524
1188.924
1189.324
1189.758
1190.125
1190.526
1190.959
1191.360
1191.760
1192.194
1192.394
1192.594
1192.794
1192.961
1193.395
1193.795
1193.996
1194.196
1194.396
1194.630
1195.030
1195.397
1195.597
1195.831
1196.031
1196.231
1196.598
1196.798
1197.032
1197.232
1197.399
1197.599
1197.833
1198.233
1198.667
1198.867
1199.067
1199.268
1199.468
1199.868
1200.235
1200.469
1200.669
1200.869
1201.069
1201.470
1201.904
1202.104
1202.304
1202.471
1202.704
1203.071
1203.305
1203.505
1203.906
1204.106
1204.306
1204.740
1204.940
1205.140
1205.340
1205.541
1205.774
1205.941
1206.175
1206.341
1206.575
1206.742
1206.975
1207.176
1207.376
1207.576
1207.776
1207.976
1208.177
1208.377
1208.577
1208.777
1208.977
1209.178
1209.411
1209.611
1209.811
1210.012
1210.212
1210.412
1210.612
1210.812
1211.213
1211.446
1211.613
1211.813
1212.014
1212.214
1212.414
1212.614
1212.814
1213.015
1213.248
1213.448
1213.649
1213.849
1214.049
1214.249
1214.483
1214.683
1214.850
1215.050
1215.284
1215.484
1215.684
1215.884
1216.084
1216.285
1216.451
1216.685
1216.885
1217.085
1217.286
1217.686
1217.886
1218.086
1218.520
1218.720
1218.921
1219.321
1219.521
1219.721
1220.122
1220.322
1220.522
1220.956
1221.156
1221.356
1221.757
1221.957
1222.157
1222.558
1222.758
1222.958
1223.192
1223.392
1223.592
1223.792
1224.193
1224.426
1224.660
1224.993
1225.227
1225.427
1225.827
1226.028
1226.228
1226.628
1226.828
1227.062
1227.462
1227.629
1227.829
1228.263
1228.463
1228.630
1229.031
1229.231
1229.464
1229.631
1229.831
1230.032
1230.265
1230.666
1231.066
1231.466
1231.900
1232.301
1232.701
1233.101
1233.502
1233.902
1234.303
1234.736
1235.137
1235.537
1235.971
1236.371
1236.772
1237.172
1237.573
1237.973
1238.407
1238.807
1239.208
1239.608
1240.008
1271.139
1271.940
1272.741
1273.542
1274.343
1275.143
1275.944
1276.745
1277.546
1278.347
1279.147
1279.948
1280.549
1280.749
1281.350
1281.550
1282.150
1282.351
1282.551
1282.851
1283.151
1283.452
1283.752
1283.952
1285.554
1285.954
1286.321
1286.722
1287.122
1287.522
1287.923
1288.323
1288.724
1289.124
1289.524
1289.925
1290.325
1290.726
1291.126
1291.526
1291.927
1292.327
1292.728
1293.128
1293.528
1293.929
1294.329
1294.730
1295.130
1295.530
1295.931
1296.331
1296.732
1296.932
1297.132
1297.332
1297.532
1297.733
1297.933
1298.333
1298.533
1298.734
1299.134
1299.334
1299.534
1299.935
1300.135
1300.335
1300.736
1300.936
1301.136
1301.536
1301.737
1301.937
1302.337
1302.537
1302.738
1303.138
1303.338
1303.538
1303.939
1304.139
1304.339
1304.740
1304.940
1305.140
1305.540
1305.741
1305.941
1306.341
1306.541
1306.742
1307.142
1307.342
1307.542
1307.943
1308.143
1308.343
1308.744
1308.944
1309.144
1309.544
1309.745
1309.945
1310.145
1310.345
1310.545
1310.746
1311.146
1311.546
1311.947
1312.347
1312.748
1313.148
1313.548
1313.949
1314.349
1314.750
1314.950
1315.150
1315.350
1315.550
1315.951
1316.351
1316.551
1316.752
1316.952
1317.152
1317.519
1317.919
1318.153
1318.353
1318.520
1318.754
1319.154
1319.554
1319.755
1319.921
1320.155
1320.355
1320.722
1321.123
1321.323
1321.523
1321.723
1321.923
1322.324
1322.724
1322.924
1323.125
1323.325
1323.525
1323.959
1324.326
1324.726
1325.127
1325.560
1325.927
1326.361
1326.728
1327.162
1327.562
1327.929
1328.363
1328.730
1329.131
1329.531
1329.965
1330.332
1330.766
1331.166
1331.566
1331.967
1332.334
1332.768
1333.368
1333.535
1334.169
1334.336
1334.936
1335.137
1335.337
1335.637
1335.937
1336.238
1336.538
1336.738
1339.941
1340.342
1340.742
1341.109
1341.510
1341.910
1342.344
1342.744
1343.145
1343.545
1343.945
1344.346
1344.746
1345.147
1345.547
1345.947
1346.348
1346.748
1347.149
1347.549
1347.949
1348.350
1348.750
1349.151
1349.551
1349.951
1350.352
1350.752
1351.153
1351.553
1351.953
1352.354
1352.754
1352.954
1353.121
1353.522
1353.755
1353.922
1354.323
1354.523
1354.723
1355.123
1355.324
1355.524
1355.924
1356.124
1356.325
1356.725
1356.925
1357.125
1357.526
1357.726
1357.926
1358.360
1358.560
1358.760
1359.127
1359.328
1359.528
1359.928
1360.128
1360.329
1360.729
1360.929
1361.129
1361.530
1361.730
1361.930
1362.364
1362.564
1362.764
1363.131
1363.332
1363.532
1363.932
1364.132
1364.333
1364.533
1364.733
1364.933
1365.133
1365.534
1365.934
1366.335
1366.735
1367.135
1367.536
1367.936
1368.370
1368.737
1369.137
1369.538
1369.938
1370.339
1370.739
1371.139
1371.540
1371.940
1372.341
1372.741
1373.141
1373.542
1373.909
1374.309
1374.710
1375.143
1375.544
1375.944
1376.345
1376.745
1377.145
1377.512
1377.946
1386.021
1386.788
1387.556
1388.357
1389.124
1389.891
1390.659
1391.426
1392.227
1392.994
1393.762
1394.529
1395.297
1396.098
1396.865
1397.632
1398.400
1398.600
1399.167
1399.368
1399.935
1400.135
1400.736
1400.902
1401.503
1401.703
1402.270
1402.471
1403.038
1403.238
1403.805
1404.005
1404.606
1404.773
1405.374
1405.574
1406.141
1406.341
1406.908
1407.109
1407.709
1408.477
1409.244
1409.644
1410.011
1410.779
1411.179
1411.580
1411.947
1412.347
1412.748
1413.115
1413.515
1413.915
1414.282
1414.649
1415.050
1415.450
1415.817
1416.218
1416.985
1417.386
1417.753
1418.153
1418.520
1418.920
1419.287
1419.688
1420.088
1420.455
1420.856
1421.223
1421.623
1422.023
1422.391
1422.791
1423.191
1423.358
1423.558
1423.959
1424.159
1424.326
1424.760
1424.926
1425.127
1425.527
1425.727
1425.894
1426.261
1426.461
1426.661
1427.062
1427.229
1427.429
1427.829
1428.029
1428.230
1428.430
1428.630
1428.797
1428.997
1429.364
1429.564
1429.765
1430.165
1430.332
1430.532
1430.899
1431.099
1431.299
1431.700
1431.867
1432.100
1432.467
1432.667
1432.868
1433.235
1433.435
1433.635
1434.002
1434.202
1434.403
1434.603
1434.770
1434.970
1435.170
1435.570
1435.737
1435.937
1436.138
1436.338
1436.538
1436.738
1436.905
1437.105
1437.272
1437.472
1437.672
1437.873
1438.073
1438.240
1438.440
1438.673
1438.840
1439.040
1439.207
1439.408
1439.641
1439.808
1440.008
1440.208
1440.409
1440.609
1440.776
1440.976
1441.176
1441.376
1441.743
1441.943
1442.144
1442.310
1442.544
1442.711
1442.911
1443.111
1443.311
1443.512
1443.712
1443.879
1444.112
1444.279
1444.479
1444.679
1444.846
1445.046
1445.247
1445.414
1445.647
1445.814
1446.014
1446.214
1446.381
1446.615
1446.782
1446.982
1447.182
1447.382
1447.549
1448.316
1448.517
1448.750
1448.917
1449.117
1449.284
1449.484
1449.684
1449.851
1450.051
1450.252
1450.452
1450.652
1450.819
1451.019
1451.219
1451.420
1451.620
1451.820
1452.020
1452.220
1452.387
1452.621
1452.788
1452.988
1453.155
1453.355
1453.588
1453.722
1454.122
1454.322
1454.523
1454.723
1454.923
1455.090
1455.290
1455.490
1455.690
1455.891
1456.091
1456.258
1456.458
1456.658
1456.858
1457.058
1457.225
1457.459
1457.626
1457.826
1458.026
1458.226
1458.427
1458.593
1458.794
1459.094
1459.361
1459.561
1460.328
1460.729
1461.129
1461.496
1461.897
1462.264
1462.664
1463.064
1463.432
1463.832
1464.199
1464.599
1464.966
1465.367
1465.767
1466.535
1466.902
1467.302
1467.669
1468.103
1468.470
1468.837
1469.237
1469.604
1470.005
1470.405
1470.772
1471.173
1471.339
1471.573
1471.740
1471.940
1472.140
1472.340
1472.741
1473.108
1473.275
1473.475
1473.675
1473.875
1474.276
1474.676
1474.876
1475.076
1475.243
1475.444
1475.811
1476.211
1476.411
1476.611
1476.778
1476.978
1477.379
1477.546
1477.746
1477.946
1478.180
1478.346
1478.547
1478.914
1479.314
1479.514
1479.714
1479.915
1480.115
1480.482
1480.849
1481.016
1481.216
1481.416
1481.616
1482.017
1482.384
1482.584
1482.784
1482.951
1483.185
1483.552
1483.752
1483.952
1484.152
1484.319
1484.519
1484.719
1485.120
1485.287
1485.487
1485.887
1486.087
1486.254
1486.655
1486.855
1487.088
1487.456
1487.622
1487.823
1488.223
1488.390
1488.590
1489.024
1489.191
1489.357
1489.724
1489.958
1490.125
1490.325
1490.559
1490.759
1490.926
1491.293
1491.493
1491.693
1492.093
1492.260
1492.461
1492.861
1493.028
1493.228
1493.628
1493.829
1494.029
1494.396
1494.596
1494.763
1495.197
1495.363
1495.564
1495.964
1496.164
1496.331
1496.531
1496.731
1496.932
1497.132
1497.499
1497.699
1497.866
1498.066
1498.266
1498.467
1498.667
1498.867
1499.067
1499.234
1499.434
1499.634
1499.835
1500.035
1500.235
1500.402
1500.602
1500.802
1500.969
1501.169
1501.369
1501.570
1501.770
1501.970
1502.137
1502.337
1502.537
1502.737
1502.904
1503.104
1503.305
1503.705
1503.872
1504.072
1504.239
1504.473
1504.673
1504.840
1505.040
1505.240
1505.440
1505.640
1505.807
1506.007
1506.208
1506.408
1506.608
1506.775
1507.008
1507.209
1507.375
1507.576
1507.776
1507.976
1508.176
1508.343
1508.543
1508.710
1508.944
1509.110
1509.277
1509.511
1510.278
1510.479
1510.679
1510.846
1511.046
1511.246
1511.413
1511.646
1511.813
1512.013
1512.214
1512.380
1512.581
1512.781
1512.981
1513.181
1513.381
1513.582
1513.748
1513.949
1514.149
1514.316
1514.516
1514.716
1514.916
1515.083
1515.283
1515.484
1515.717
1516.084
1516.251
1516.485
1516.651
1516.852
1517.052
1517.252
1517.419
1517.619
1517.786
1517.986
1518.186
1518.386
1518.587
1518.753
1518.987
1519.154
1519.354
1519.554
1519.754
1519.921
1520.155
1520.322
1520.522
1520.722
1520.989
1521.289
1521.523
1551.920
1552.287
1552.654
1553.021
1553.388
1553.788
1554.122
1554.489
1554.856
1555.223
1555.624
1555.991
1556.358
1556.725
1557.092
1557.459
1557.826
1557.993
1558.560
1558.760
1559.294
1559.494
1560.028
1560.195
1560.762
1560.996
1561.530
1561.730
1562.297
1562.464
1563.031
1563.198
1563.765
1564.132
1564.499
1564.866
1565.233
1565.634
1566.001
1566.368
1566.701
1567.068
1567.435
1567.836
1568.203
1568.570
1568.970
1569.304
1569.704
1570.071
1570.438
1570.805
1571.172
1571.540
1571.907
1572.307
1572.641
1573.008
1573.375
1573.775
1574.142
1574.476
1574.843
1575.210
1575.610
1575.810
1576.344
1576.545
1577.112
1577.279
1577.846
1578.013
1578.580
1578.780
1579.314
1579.514
1580.048
1580.248
1580.782
1580.982
1581.550
1581.716
1582.317
1582.484
1583.018
1583.218
1583.752
1583.952
1584.486
1584.686
1585.253
1585.453
1585.987
1586.154
1586.721
1586.888
1587.489
1587.656
1587.856
1588.223
1588.390
1588.557
1588.957
1589.157
1589.324
1589.691
1589.891
1590.058
1590.425
1590.625
1590.792
1591.159
1591.326
1591.526
1591.893
1592.093
1592.260
1592.661
1592.827
1592.994
1593.361
1593.562
1593.728
1594.129
1594.296
1594.496
1594.863
1595.030
1595.230
1595.597
1595.797
1595.964
1596.331
1597.098
1597.832
1598.199
1598.567
1598.967
1599.301
1599.668
1599.868
1600.035
1600.235
1600.435
1600.769
1601.136
1601.336
1601.503
1601.703
1601.903
1602.270
1602.637
1602.837
1603.038
1603.204
1603.405
1603.772
1603.972
1604.139
1604.306
1604.506
1604.706
1604.873
1605.240
1605.640
1605.807
1606.007
1606.174
1606.374
1606.741
1607.108
1607.275
1607.475
1607.642
1607.842
1608.176
1608.376
1608.543
1608.743
1608.944
1609.110
1609.311
1609.678
1609.844
1610.045
1610.211
1610.412
1610.612
1610.779
1611.146
1611.346
1611.513
1611.913
1612.113
1612.280
1612.647
1612.814
1613.014
1613.381
1613.548
1613.748
1614.115
1614.316
1614.482
1614.849
1615.050
1615.216
1615.617
1615.784
1615.984
1616.151
1616.318
1616.518
1616.718
1617.118
1617.285
1617.485
1617.852
1618.019
1618.219
1618.553
1618.753
1618.954
1619.321
1619.487
1619.688
1620.055
1620.221
1620.422
1620.622
1620.789
1620.989
1621.156
1621.523
1621.723
1621.890
1622.090
1622.290
1622.457
1622.657
1623.024
1623.391
1623.592
1623.758
1623.959
1624.125
1624.492
1624.859
1625.026
1625.226
1625.427
1625.594
1625.961
1626.328
1626.528
1626.695
1626.895
1627.062
1627.462
1627.629
1627.829
1628.029
1628.196
1628.363
1628.563
1628.930
1629.297
1629.464
1629.664
1629.831
1630.031
1630.432
1630.799
1630.966
1631.132
1631.333
1631.533
1631.900
1632.634
1633.368
1633.768
1634.135
1634.502
1634.869
1635.036
1635.236
1635.637
1635.804
1635.971
1636.338
1636.538
1636.738
1637.105
1637.305
1637.472
1637.839
1638.039
1638.206
1638.573
1638.773
1638.940
1639.341
1639.507
1639.708
1639.874
1640.075
1640.241
1640.442
1640.809
1640.976
1641.176
1641.543
1641.710
1641.910
1642.277
1642.477
1642.644
1643.011
1643.211
1643.378
1643.745
1643.945
1644.112
1644.479
1644.679
1644.846
1645.213
1645.447
1645.614
1645.780
1645.947
1646.147
1646.314
1646.715
1647.115
1647.482
1647.816
1648.216
1648.583
1648.950
1649.317
1649.684
1650.051
1650.418
1650.785
1651.152
1651.519
1651.886
1652.087
1652.287
1652.654
1653.021
1653.388
1653.788
1654.122
1654.489
1654.856
1655.223
1655.624
1655.991
1656.358
1656.725
1657.092
1657.459
1657.826
1658.193
1658.560
1659.294
1659.494
1659.661
1660.028
1660.795
1660.962
1661.162
1661.529
1662.297
1662.464
1662.664
1663.031
1663.398
1663.765
1664.132
1664.499
1665.233
1665.433
1665.634
1665.967
1666.735
1666.901
1667.102
1667.469
1668.203
1668.403
1668.570
1668.970
1669.337
1669.671
1670.071
1670.438
1671.206
1671.873
1672.273
1672.641
1673.008
1673.375
1673.575
1673.775
1674.142
1674.309
1674.476
1674.843
1675.043
1675.210
1675.610
1675.777
1675.944
1676.378
1677.112
1677.812
1678.179
1678.546
1678.947
1679.314
1679.514
1679.681
1680.048
1680.248
1680.448
1680.815
1681.116
1681.549
1681.750
1681.950
1682.283
1682.651
1682.851
1683.051
1683.184
1683.418
1683.785
1684.152
1684.319
1684.519
1684.686
1684.886
1685.253
1685.620
1685.787
1685.954
1686.154
1686.354
1686.721
1687.122
1687.288
1687.489
1687.656
1687.856
1688.223
1688.590
1688.761
1688.921
1689.124
1689.324
1689.691
1690.058
1690.258
1690.458
1690.625
1690.825
1691.159
1691.326
1691.526
1691.693
1691.893
1692.093
1692.293
1692.460
1692.661
1692.794
1693.028
1693.194
1693.395
1693.561
1693.762
1694.129
1694.496
1694.696
1694.863
1695.030
1695.230
1695.597
1695.964
1696.131
1696.331
1696.531
1696.698
1697.098
1697.465
1697.666
1697.832
1698.033
1698.199
1698.533
1698.933
1699.100
1699.300
1699.501
1699.668
1700.035
1700.402
1700.602
1700.769
1700.969
1701.136
1701.536
1701.903
1702.103
1702.303
1702.470
1702.637
1703.004
1703.371
1703.571
1703.772
1703.938
1704.139
1704.506
1705.206
1706.007
1706.174
1706.374
1706.541
1706.741
1706.908
1707.108
1707.275
1707.475
1707.642
1707.809
1708.009
1708.176
1708.376
1708.543
1708.743
1708.943
1709.110
1709.310
1709.477
1709.678
1709.844
1710.045
1710.211
1710.412
1710.612
1710.812
1710.979
1711.146
1711.346
1711.513
1711.880
1712.113
1712.280
1712.447
1712.647
1712.847
1713.014
1713.214
1713.381
1713.548
1713.748
1713.948
1714.115
1714.282
1714.482
1714.683
1714.849
1715.050
1715.216
1715.417
1715.617
1715.784
1715.984
1716.151
1716.351
1716.518
1716.718
1716.885
1717.085
1717.285
1717.452
1717.819
1718.019
1718.186
1718.553
1718.753
1718.953
1719.320
1719.487
1719.688
1720.055
1720.221
1720.422
1720.789
1720.955
1721.156
1721.322
1721.523
1721.690
1721.890
1722.090
1722.290
1722.457
1722.657
1722.857
1723.024
1723.191
1723.391
1723.758
1723.958
1724.125
1724.492
1724.659
1724.859
1725.226
1725.427
1725.593
1725.960
1726.161
1726.327
1726.695
1726.895
1727.095
1727.262
1727.429
1727.629
1727.829
1727.996
1728.163
1728.363
1728.563
1728.763
1728.930
1729.130
1729.297
1729.698
1729.864
1730.065
1730.432
1730.632
1730.799
1731.166
1731.366
1731.533
1731.900
1732.100
1732.300
1732.634
1733.001
1733.368
1733.568
1733.768
1734.135
1734.335
1734.502
1734.703
1734.869
1735.070
1735.236
1735.637
1735.804
1735.970
1736.337
1736.538
1736.705
1737.105
1737.305
1737.472
1737.839
1738.006
1738.206
1738.573
1739.340
1740.075
1740.442
1740.809
1741.176
1741.543
1741.910
1742.110
1742.277
1742.477
1742.644
1743.011
1743.378
1743.578
1743.778
1743.945
1744.145
1744.512
1744.846
1745.046
1745.246
1745.447
1745.613
1745.980
1746.181
1746.347
1746.548
1746.715
1746.915
1747.115
1747.482
1747.849
1748.016
1748.216
1748.383
1748.583
1748.950
1749.350
1749.617
1749.984
1750.418
1750.618
1750.785
1750.985
1751.152
1751.352
1751.519
1751.720
1751.920
1752.120
1752.287
1752.487
1752.654
1752.821
1753.021
1753.388
1753.555
1753.788
1754.122
1754.322
1754.489
1754.856
1755.056
1755.223
1755.623
1755.790
1755.990
1756.357
1756.558
1756.725
1757.092
1757.292
1757.459
1757.826
1757.992
1758.193
1758.359
1758.560
1758.760
1758.960
1759.294
1759.661
1759.861
1760.028
1760.228
1760.428
1760.795
1761.162
1761.329
1761.529
1761.696
1761.896
1762.263
1762.430
1762.630
1762.797
1762.997
1763.198
1763.364
1763.531
1763.732
1763.965
1764.132
1764.332
1764.499
1764.699
1764.866
1765.233
1765.433
1765.600
1765.967
1766.167
1766.367
1766.735
1766.901
1767.102
1767.469
1767.635
1767.802
1768.169
1768.369
1768.570
1768.937
1769.137
1769.304
1769.704
1769.871
1770.071
1770.238
1770.438
1770.638
1770.805
1771.172
1771.339
1771.539
1771.906
1772.107
1772.273
1772.640
1772.841
1773.007
1773.374
1773.575
1773.775
1774.142
1774.876
1775.610
1775.977
1776.344
1776.711
1777.112
1777.278
1777.445
1777.645
1777.812
1778.012
1778.179
1778.379
1778.580
1778.780
1778.947
1779.147
1779.314
1779.514
1779.681
1780.014
1780.215
1780.415
1780.582
1780.782
1780.949
1781.149
1781.516
1781.683
1781.883
1782.083
1782.283
1782.450
1782.650
1783.017
1783.218
1783.384
1783.585
1783.785
1783.952
1784.152
1784.319
1784.486
1784.686
1784.853
1785.053
1785.220
1785.420
1785.620
1785.987
1786.154
1786.354
1786.521
1786.721
1786.888
1787.088
1787.455
1787.655
1787.856
1788.022
1788.189
1788.389
1788.590
1788.957
1789.157
1789.324
1789.491
1789.657
1789.858
1790.024
1790.258
1790.425
1790.625
1790.792
1790.992
1791.159
1791.326
1791.526
1791.693
1791.893
1792.093
1792.260
1792.460
1792.627
1792.827
1793.027
1793.228
1793.394
1793.561
1793.728
1793.928
1794.129
1794.295
1794.496
1794.696
1794.863
1795.029
1795.230
1795.430
1795.630
1795.797
1795.997
1796.164
1796.364
1796.531
1796.698
1796.898
1797.098
1797.298
1797.465
1797.665
1797.832
1798.032
1798.199
1798.366
1798.566
1798.733
1798.967
1799.300
1799.667
1800.034
1800.435
199
1798.366
1798.566
1798.733
1798.967
1799.300
1799.667
1800.034
1800.435
