19.983
20.100
20.317
20.550
20.900
21.017
21.233
21.467
21.800
21.917
22.133
22.367
22.717
22.833
23.050
23.283
23.633
23.750
23.950
24.183
24.533
24.650
24.883
25.117
25.450
25.567
25.783
26.017
26.367
26.483
26.700
26.933
27.267
27.383
27.600
27.833
28.183
28.300
28.517
28.750
29.083
29.200
29.417
29.650
30.000
30.117
30.333
30.567
30.900
31.017
31.233
31.467
31.817
31.933
32.150
32.383
32.717
32.833
33.050
33.283
33.633
33.750
33.967
34.200
34.533
34.650
34.867
35.100
35.450
35.567
35.783
36.017
36.350
36.467
36.683
36.917
37.267
37.383
37.600
37.833
38.167
38.283
38.500
38.733
39.083
39.200
39.417
39.650
39.983
40.100
40.317
40.550
40.900
41.017
41.233
41.467
41.817
41.933
42.150
42.383
42.733
42.850
43.067
43.300
43.633
43.750
43.967
44.200
44.550
44.667
44.883
45.117
45.450
45.567
45.783
46.017
46.367
46.483
46.700
46.933
47.267
47.383
47.600
47.833
48.183
48.300
48.517
48.750
49.083
49.200
49.417
49.650
50.000
50.117
50.333
50.567
50.900
51.017
51.233
51.467
51.817
51.933
52.150
52.383
52.717
52.833
53.050
53.283
55.100
55.550
56.000
56.450
56.917
57.367
57.817
58.283
58.750
59.083
59.200
59.417
59.650
60.000
60.117
60.333
60.567
60.900
61.017
61.233
61.467
61.817
61.933
62.150
62.383
62.833
63.283
63.733
64.183
64.650
65.100
65.550
66.000
66.467
66.917
67.267
67.383
67.600
67.833
68.167
68.283
68.500
68.733
69.067
69.183
69.400
69.633
69.983
70.100
70.317
70.550
71.000
71.450
71.900
72.350
72.817
73.267
73.717
74.167
74.633
75.100
75.450
75.567
75.783
76.017
76.350
76.467
76.683
76.917
77.250
77.367
77.583
77.817
78.167
78.283
78.500
78.733
79.200
79.650
80.100
80.550
81.017
81.467
81.917
82.367
82.833
83.283
83.733
84.200
84.533
84.867
85.333
85.550
86.000
86.333
86.667
87.133
87.350
87.817
88.167
88.500
88.967
89.183
89.633
89.983
90.317
90.783
91.000
91.450
91.817
92.150
92.617
92.833
93.283
93.650
93.967
94.433
94.650
95.100
95.450
95.783
96.250
96.467
96.917
97.267
97.600
98.067
98.283
98.733
99.083
99.417
99.883
100.100
100.550
100.917
101.233
101.700
101.917
102.367
102.717
103.050
103.517
103.733
104.183
104.533
104.867
105.333
105.550
106.000
106.350
106.683
107.150
107.383
107.817
108.183
108.517
108.983
109.200
109.650
110.000
110.333
110.800
111.017
111.467
111.817
112.150
112.617
112.833
113.283
113.733
114.200
114.650
115.100
115.567
116.017
116.467
116.933
117.383
117.833
118.300
118.733
119.183
119.650
120.100
120.550
121.017
121.467
121.917
122.383
122.833
123.283
123.750
124.183
124.633
125.117
125.567
126.017
126.483
126.933
127.383
127.850
131.817
132.283
132.750
133.217
133.683
134.150
134.617
135.083
135.550
136.017
136.483
136.967
137.433
137.917
138.383
138.850
139.317
139.783
140.250
140.717
141.183
141.650
142.117
142.583
143.067
143.533
144.000
144.467
144.933
145.400
145.867
146.817
147.050
147.283
147.750
148.217
148.683
149.150
149.617
150.083
150.550
151.017
151.483
151.950
152.417
152.883
153.383
153.850
154.300
154.767
155.250
155.717
156.183
156.650
157.117
157.583
158.050
158.517
159.000
159.467
159.950
160.200
160.667
160.917
161.850
176.817
177.283
177.750
178.217
178.683
179.150
179.617
180.033
180.350
180.583
181.033
181.500
181.967
182.433
182.900
183.367
183.783
184.100
184.333
184.783
185.250
185.717
186.183
186.650
187.117
187.533
187.850
188.083
188.550
189.017
189.483
191.850
192.083
192.317
192.550
192.800
193.033
193.267
193.500
193.733
193.983
194.200
194.433
194.667
194.900
195.150
195.383
195.617
195.850
196.083
196.333
196.533
196.767
197.000
197.233
197.483
197.717
197.950
198.183
198.417
198.667
198.883
199.117
199.350
199.817
200.283
200.750
201.217
201.683
202.150
202.633
203.100
203.567
203.683
203.817
203.917
204.033
204.150
204.267
204.383
204.500
204.617
204.733
204.867
204.983
205.450
205.917
206.383
207.233
207.483
207.733
208.233
208.700
209.167
209.600
209.850
210.100
210.350
210.600
210.983
211.233
211.483
211.983
212.450
212.917
213.350
213.600
213.850
214.100
214.350
214.733
214.983
215.233
215.717
216.183
216.650
217.083
217.333
217.583
217.833
218.083
218.467
218.717
218.967
219.467
219.933
220.400
220.883
221.350
222.200
222.450
222.700
223.200
223.667
224.133
224.567
224.817
225.067
225.317
225.567
225.950
226.200
226.450
226.950
227.417
227.883
228.317
228.567
228.817
229.067
229.317
229.700
229.950
230.200
230.683
231.150
231.617
232.050
232.300
232.550
232.800
233.050
233.433
233.683
233.933
234.433
234.900
235.367
235.833
236.300
251.817
252.283
252.750
253.233
253.700
254.167
254.617
255.033
255.367
255.600
256.050
256.517
256.983
257.450
257.917
258.383
258.800
259.117
259.350
259.800
260.267
260.733
261.200
261.667
262.133
262.550
262.867
263.100
263.550
264.017
264.483
266.850
267.083
267.317
267.550
267.800
268.033
268.267
268.500
268.733
268.983
269.200
269.433
269.683
269.917
270.167
270.400
270.633
270.867
271.100
271.333
271.550
271.783
272.017
272.250
272.500
272.733
272.967
273.200
273.433
273.683
273.900
274.133
274.367
274.833
275.300
275.767
276.233
276.700
277.167
277.650
278.117
278.583
278.700
278.817
278.933
279.050
279.167
279.283
279.400
279.517
279.633
279.750
279.867
279.983
280.450
280.917
281.383
282.233
282.483
282.733
283.233
283.700
284.167
284.600
284.850
285.100
285.350
285.600
285.983
286.233
286.483
286.983
287.467
287.917
288.350
288.617
288.867
289.117
289.367
289.750
290.000
290.250
290.733
291.200
291.667
292.100
292.350
292.600
292.850
293.100
293.483
293.733
293.983
294.483
294.950
295.417
295.883
296.350
297.200
297.450
297.700
298.200
298.667
299.133
299.567
299.817
300.067
300.317
300.567
300.950
301.200
301.450
301.950
302.417
302.883
303.333
303.583
303.833
304.083
304.333
304.700
304.950
305.200
305.700
306.167
306.633
307.067
307.317
307.567
307.817
308.067
308.450
308.700
308.950
309.450
309.917
310.383
310.850
311.317
311.833
312.300
312.767
313.233
313.700
314.167
314.633
315.100
315.567
316.033
316.500
316.967
317.450
317.917
318.383
318.850
319.317
319.783
320.250
320.733
321.183
321.667
322.133
322.600
323.083
323.550
324.017
324.483
324.950
325.200
325.667
325.917
326.383
326.850
327.317
327.783
328.250
328.717
329.183
329.650
330.117
330.583
331.050
331.517
331.983
332.467
332.933
333.400
333.867
334.333
334.800
335.267
335.733
336.200
336.667
337.133
337.600
338.083
338.550
339.033
339.500
339.967
340.217
340.683
340.933
341.800
353.167
353.650
354.133
354.600
356.983
357.483
357.950
358.433
358.883
359.383
359.850
360.333
360.800
361.283
361.750
362.233
362.700
363.183
363.650
364.133
364.600
365.083
365.550
366.033
366.500
366.983
367.450
367.933
368.400
368.883
369.350
369.833
372.217
372.450
372.683
373.167
373.400
373.633
374.117
374.367
374.600
375.083
375.317
375.550
376.033
376.283
376.517
377.000
377.233
377.467
377.950
378.183
378.417
378.900
379.133
379.367
379.850
380.333
380.800
381.283
381.750
382.233
382.700
383.183
383.650
384.133
384.600
385.083
385.550
386.033
386.500
386.983
387.450
387.933
388.400
388.883
389.350
389.833
390.300
390.783
391.250
391.750
392.200
392.683
393.167
393.650
394.117
394.600
395.083
395.567
396.033
396.517
396.983
397.467
397.933
398.417
398.883
399.367
399.833
400.317
400.783
401.267
401.733
402.217
402.700
403.183
403.650
404.133
404.600
405.083
405.550
405.967
406.083
406.267
406.500
406.983
407.450
407.933
408.417
408.883
409.367
409.617
409.850
410.083
410.333
410.567
410.800
411.033
411.267
411.517
411.750
411.983
412.217
412.450
412.700
412.950
413.183
413.417
413.650
413.900
414.133
414.367
414.600
414.833
415.083
415.333
415.567
415.800
417.000
417.933
418.417
418.883
419.367
419.833
420.317
420.783
421.267
421.733
422.217
422.683
423.167
423.633
424.117
424.583
425.067
425.550
426.033
426.517
427.000
427.467
427.950
428.417
428.900
429.367
429.850
430.317
430.800
431.283
431.517
431.750
431.917
432.033
432.150
433.183
433.667
434.133
434.617
435.083
435.567
436.033
436.517
436.983
437.467
437.933
438.417
438.883
439.367
439.833
440.317
440.800
441.300
441.767
442.233
442.717
443.200
443.667
444.150
444.617
445.100
445.567
446.050
446.533
446.767
447.000
447.167
447.283
447.400
447.650
447.767
447.950
448.417
448.650
448.883
449.367
449.600
449.833
450.317
450.550
450.783
451.267
451.500
451.750
452.233
452.467
452.700
453.183
453.417
453.650
454.133
454.367
454.600
455.083
455.317
455.550
456.033
456.267
456.500
456.983
457.217
457.450
457.933
458.167
458.400
458.900
459.117
459.367
459.867
460.100
460.333
460.817
461.050
461.283
463.667
463.900
464.133
464.367
464.617
464.850
465.083
465.317
465.550
465.800
466.033
466.267
466.500
466.733
466.983
467.233
467.467
467.700
467.933
468.183
468.417
468.650
468.883
469.117
469.367
469.617
469.850
470.083
470.317
470.550
470.783
471.033
471.267
471.750
472.217
472.700
473.167
473.650
474.117
474.617
475.083
475.567
476.033
476.517
476.983
477.467
477.933
478.417
478.883
479.367
479.833
480.317
480.783
481.267
481.733
482.217
482.683
483.167
483.633
484.117
484.583
485.067
485.533
486.017
486.500
486.983
487.450
487.933
488.400
488.883
489.350
489.833
490.300
490.783
491.250
491.750
492.217
492.683
493.167
493.650
494.133
494.617
495.083
495.567
496.033
496.517
496.983
497.400
497.517
497.700
497.933
498.417
498.883
499.367
499.833
500.317
500.800
501.033
501.267
501.500
501.750
501.983
502.217
502.450
502.683
502.933
503.167
503.400
503.633
503.867
504.117
504.367
504.600
504.833
505.067
505.317
505.550
505.783
506.017
506.250
506.500
506.750
506.983
507.217
507.467
507.700
507.933
508.100
508.217
508.333
509.350
509.833
510.317
510.800
511.267
511.750
512.217
512.700
513.167
513.650
514.117
514.600
515.067
515.550
516.017
516.500
516.983
517.467
517.933
518.417
518.883
519.367
519.833
520.317
520.783
521.267
521.733
522.217
522.700
522.933
523.167
523.333
523.450
523.567
523.817
523.933
524.117
524.600
525.083
525.567
526.033
526.500
527.000
527.467
527.950
528.417
528.900
529.367
529.850
530.317
530.800
531.267
531.750
532.233
532.717
533.183
533.667
534.133
534.617
535.083
535.567
536.033
536.517
536.983
537.467
537.950
538.183
538.417
538.583
538.700
538.817
539.833
540.067
540.300
540.783
541.017
541.250
541.733
541.967
542.217
542.683
542.917
543.167
543.667
543.900
544.133
544.617
544.850
545.083
545.567
545.800
546.033
546.517
546.750
546.983
547.467
547.700
547.933
548.417
548.650
548.883
549.367
549.600
549.833
550.317
550.550
550.800
551.283
551.517
551.750
552.233
552.467
552.700
555.083
555.567
556.033
556.517
556.983
557.467
557.933
558.417
558.900
559.367
559.833
560.333
560.800
561.283
561.750
562.233
562.717
563.200
563.667
564.150
564.617
565.100
565.567
566.050
566.517
567.000
567.467
567.950
568.417
568.900
570.933
571.317
571.533
571.750
572.150
572.517
572.900
573.117
573.333
573.767
574.133
574.517
574.733
574.950
575.350
575.717
576.100
576.317
576.550
576.950
577.300
577.683
577.900
578.117
578.550
578.933
579.317
579.533
579.750
580.150
580.517
580.900
581.117
581.333
581.750
583.733
584.133
584.533
584.933
585.350
585.750
586.150
586.550
586.917
587.317
587.717
588.117
588.517
588.917
589.333
589.733
590.133
590.533
590.933
591.333
591.750
592.150
592.567
592.967
593.317
593.733
594.133
594.533
594.933
596.533
596.933
597.333
597.733
598.150
598.550
598.967
599.367
599.533
599.700
600.117
600.517
600.917
601.317
601.733
602.133
602.550
602.950
603.317
603.717
604.117
604.533
604.933
605.350
605.750
605.917
606.083
606.500
606.900
607.300
607.700
608.117
609.500
609.700
610.083
610.500
610.900
611.300
611.717
612.133
612.300
612.467
612.917
613.317
613.717
614.117
614.533
615.700
616.100
616.500
616.900
617.317
617.733
618.133
618.533
618.700
618.867
619.300
619.700
620.100
621.700
622.100
622.917
623.117
623.317
623.717
623.917
624.117
624.333
624.533
624.733
624.950
625.317
625.517
625.733
626.117
626.317
626.533
626.933
627.133
627.333
627.550
627.750
627.950
628.150
628.533
628.733
628.933
629.333
629.533
629.733
630.133
630.333
630.533
630.750
630.950
631.150
631.350
631.717
631.917
632.117
632.533
632.733
632.933
633.333
633.533
633.733
633.950
634.150
634.350
634.550
635.867
636.083
636.717
636.933
637.583
637.800
638.017
638.233
638.450
638.567
638.683
638.800
639.283
639.500
640.133
640.350
640.567
640.783
641.000
641.217
641.433
641.650
641.867
641.983
642.117
642.233
642.733
642.950
643.567
643.800
644.017
644.233
644.450
644.667
644.883
645.100
645.317
645.433
645.550
645.667
646.150
646.267
646.383
646.500
647.000
647.217
647.433
647.650
647.867
648.083
648.300
648.517
648.733
648.850
648.967
649.083
649.567
649.683
649.800
649.917
650.417
650.633
650.850
651.067
651.283
651.500
651.717
651.933
652.150
652.267
652.383
652.500
653.000
653.417
653.633
653.850
654.067
654.283
654.500
654.717
654.933
655.150
655.367
655.583
655.700
655.817
655.933
656.417
656.533
656.650
656.767
657.283
657.500
657.717
657.933
658.150
658.367
658.583
658.833
659.050
659.167
659.283
659.400
659.850
660.733
660.950
661.167
661.383
661.600
661.817
662.033
662.250
663.283
663.500
663.717
664.150
664.367
664.583
664.800
665.017
665.233
665.450
665.667
665.883
666.100
666.333
666.550
666.767
666.983
667.200
667.583
667.800
668.433
668.650
668.867
669.083
670.167
670.383
670.600
670.817
671.033
671.250
671.467
671.683
671.900
672.117
672.350
672.567
672.783
673.000
673.217
673.433
673.650
673.867
674.083
674.433
674.650
675.733
676.167
676.583
677.000
677.450
677.883
678.100
678.317
678.733
679.167
679.600
680.017
680.450
680.883
681.317
681.533
681.750
682.167
682.383
682.600
682.817
683.033
683.467
683.900
684.333
684.750
684.967
685.183
685.600
686.033
686.467
686.900
687.333
687.767
688.200
689.833
689.950
690.067
690.183
690.300
690.500
690.700
690.817
690.933
691.050
691.167
691.367
691.550
691.667
691.783
691.917
692.033
692.150
692.267
692.383
692.500
692.683
692.900
693.100
693.300
693.417
693.533
693.650
693.767
693.967
694.167
694.283
694.400
694.517
694.633
694.833
695.017
695.133
695.250
695.367
695.483
695.600
695.717
695.833
695.950
696.133
696.350
696.550
696.717
696.833
696.950
697.067
697.183
697.383
697.583
697.700
697.817
697.933
698.050
698.250
698.433
698.550
698.667
698.783
698.900
699.017
699.133
699.250
699.367
699.550
699.767
699.983
700.167
700.283
700.400
700.517
700.633
700.833
701.033
701.150
701.267
701.383
701.500
701.700
701.883
702.000
702.117
702.233
702.350
702.467
702.583
702.700
702.817
703.000
703.217
703.417
703.617
704.033
704.467
704.883
705.317
705.533
705.750
705.967
706.183
706.617
707.050
707.467
707.900
708.350
708.767
709.200
709.633
710.050
710.267
710.500
710.917
711.350
711.767
712.200
712.633
712.850
713.067
713.500
713.933
714.350
714.783
715.217
715.633
716.067
716.500
716.933
717.150
717.500
717.617
717.733
717.933
718.117
718.233
718.350
718.467
718.583
718.783
718.967
719.083
719.200
719.317
719.433
719.550
719.667
719.783
719.900
720.083
720.300
720.517
720.700
720.817
720.933
721.050
721.167
721.367
721.567
721.683
721.800
721.917
722.033
722.233
722.417
722.533
722.650
722.767
722.883
723.000
723.117
723.233
723.350
723.533
723.750
723.967
724.150
724.267
724.383
724.500
724.617
724.817
725.017
725.133
725.250
725.367
725.483
725.683
725.883
726.000
726.117
726.233
726.350
726.450
726.567
726.683
726.800
726.983
727.217
727.417
727.583
727.700
727.817
727.933
728.050
728.250
728.450
728.567
728.683
728.800
728.917
729.117
729.300
729.417
729.533
729.650
729.767
729.883
730.000
730.117
730.233
730.417
730.633
730.850
742.250
742.550
742.833
743.133
743.417
743.717
744.000
744.300
744.583
744.883
745.167
745.350
745.650
745.933
746.233
746.517
746.817
747.117
747.417
747.700
747.983
748.267
748.450
748.750
749.033
749.333
749.617
749.917
750.200
750.500
750.783
751.083
751.367
751.550
751.850
752.133
752.433
752.717
753.017
753.300
753.600
753.883
754.183
754.467
754.650
754.950
755.233
755.533
755.817
756.117
756.400
756.700
756.983
757.283
757.567
757.750
758.033
758.317
758.617
758.900
759.200
759.483
759.783
760.067
760.367
760.650
760.833
761.133
761.417
761.717
762.000
762.300
762.583
762.883
763.167
763.467
763.750
763.933
764.250
764.517
764.817
765.117
765.417
765.700
766.000
766.283
766.583
766.867
767.050
770.133
773.233
776.317
779.417
779.800
780.217
780.600
780.983
781.367
781.767
782.150
782.533
782.917
783.300
783.700
784.083
784.467
784.867
785.250
785.633
785.833
786.033
786.233
786.417
786.600
786.800
787.000
787.183
787.367
787.567
787.767
787.950
788.150
788.333
788.533
788.733
789.100
789.483
789.850
790.233
791.800
792.600
793.167
793.733
794.167
794.733
795.283
795.650
795.783
795.917
796.050
796.183
796.317
796.467
796.600
796.867
797.250
798.000
798.800
799.367
799.933
800.367
800.933
801.500
801.900
802.683
802.867
803.050
803.233
803.417
803.600
804.200
805.000
805.567
806.133
806.567
807.133
807.683
808.050
808.183
808.317
808.450
808.583
808.717
808.850
808.983
809.250
809.617
810.383
810.583
810.783
810.983
811.167
811.550
811.750
811.950
812.150
812.333
812.700
812.900
813.100
813.300
813.483
813.700
813.900
814.100
814.283
814.633
814.833
815.050
815.250
815.433
816.583
817.383
817.950
818.517
818.950
819.517
820.067
820.433
820.567
820.700
820.833
820.967
821.100
821.233
821.367
821.633
822.017
822.783
823.567
824.133
824.700
825.133
825.700
826.267
826.667
827.450
827.633
827.817
828.000
828.183
828.367
828.967
829.767
830.333
830.917
831.333
831.900
832.467
832.833
832.967
833.100
833.233
833.367
833.500
833.633
833.767
834.033
834.400
835.167
835.367
835.567
835.767
835.950
836.333
836.533
836.733
836.933
837.117
837.483
837.683
837.883
838.083
838.267
838.467
838.667
838.867
839.050
839.417
839.617
839.817
840.017
840.200
841.417
842.167
842.917
843.667
844.417
845.167
845.917
846.667
847.417
848.167
848.933
849.683
850.433
851.183
851.933
852.683
853.417
854.167
854.917
855.667
856.417
857.167
857.917
858.667
859.417
860.167
860.917
861.667
862.417
863.167
863.917
864.683
866.150
866.717
867.683
868.250
869.233
869.800
871.350
872.333
872.900
873.883
874.467
875.433
876.000
877.550
878.533
879.100
880.083
880.683
881.633
882.217
883.750
884.733
885.300
886.283
886.867
887.833
888.400
889.933
890.900
893.983
897.083
900.183
903.283
903.667
904.067
904.450
904.833
905.233
905.617
906.000
906.383
906.767
907.150
907.550
907.933
908.317
908.717
909.100
909.483
909.683
909.883
910.083
910.267
910.450
910.650
910.850
911.033
911.217
911.417
911.617
911.800
912.000
912.183
912.383
912.583
912.950
913.333
913.717
914.083
915.650
916.467
917.033
917.600
918.033
918.600
919.150
919.517
919.650
919.783
919.917
920.050
920.183
920.317
920.450
920.717
921.100
921.867
922.650
923.217
923.783
924.217
924.783
925.350
925.750
926.533
926.717
926.900
927.083
927.267
927.450
928.050
928.850
929.417
929.983
930.417
931.000
931.550
931.917
932.050
932.183
932.317
932.450
932.583
932.717
932.850
933.117
933.483
934.250
934.450
934.650
934.850
935.033
935.417
935.617
935.817
936.017
936.200
936.567
936.767
936.967
937.167
937.350
937.550
937.750
937.950
938.133
938.500
938.700
938.900
939.100
939.283
940.433
941.233
941.800
942.367
942.800
943.367
943.917
944.283
944.417
944.550
944.683
944.817
944.950
945.083
945.217
945.483
945.867
946.633
947.417
947.983
948.550
948.983
949.567
950.133
950.533
951.317
951.500
951.683
951.867
952.050
952.233
952.833
953.633
954.200
954.767
955.200
955.767
956.317
956.683
956.817
956.950
957.083
957.217
957.350
957.483
957.617
957.883
958.250
959.017
959.217
959.417
959.617
959.800
960.183
960.383
960.583
960.783
960.967
961.333
961.533
961.733
961.933
962.117
962.317
962.517
962.717
962.900
963.267
963.467
963.667
963.867
964.050
964.250
964.450
966.183
966.433
966.683
966.933
967.183
967.433
967.683
967.933
968.183
968.433
968.683
968.933
969.167
969.417
969.667
969.917
970.167
970.417
970.667
970.917
971.167
971.417
971.667
971.917
972.167
972.417
972.667
972.917
973.167
973.417
973.667
973.917
974.167
974.417
974.667
974.917
975.167
975.417
975.667
975.917
976.167
976.417
976.667
976.917
977.150
977.400
977.650
977.900
978.150
978.400
978.650
978.900
979.150
979.400
979.650
979.900
980.150
980.400
980.650
980.900
981.167
981.433
981.683
981.917
982.167
982.417
982.683
982.933
983.183
983.433
994.717
995.400
996.083
996.767
997.450
998.133
998.817
999.517
1000.200
1000.883
1001.583
1002.267
1002.950
1003.633
1004.317
1005.000
1005.700
1006.383
1007.067
1007.750
1008.433
1009.117
1009.800
1010.483
1011.167
1011.850
1012.533
1013.217
1013.900
1014.583
1016.650
1017.183
1018.033
1018.217
1018.383
1018.733
1019.417
1019.933
1020.267
1020.783
1021.300
1021.467
1022.150
1022.667
1023.517
1023.700
1023.867
1024.217
1024.900
1025.417
1025.750
1026.267
1026.783
1026.950
1027.633
1028.150
1029.000
1029.183
1029.350
1029.700
1030.383
1030.900
1031.233
1031.750
1032.267
1032.433
1033.133
1033.633
1034.500
1034.683
1034.850
1035.200
1035.883
1036.400
1036.733
1037.250
1037.767
1037.933
1049.750
1049.917
1050.433
1050.600
1051.117
1051.300
1051.817
1051.983
1052.500
1052.667
1053.250
1053.417
1053.867
1054.033
1054.550
1054.717
1055.233
1055.400
1055.917
1056.083
1056.600
1056.767
1057.350
1057.517
1057.983
1058.150
1058.667
1058.833
1059.350
1059.517
1060.550
1060.883
1061.233
1061.417
1061.583
1061.750
1061.917
1062.083
1062.250
1062.417
1062.600
1062.767
1062.933
1063.117
1063.283
1063.450
1063.617
1063.783
1063.967
1064.133
1064.300
1064.467
1064.633
1064.817
1064.983
1065.150
1065.683
1066.050
1066.383
1066.733
1066.900
1067.067
1067.233
1067.400
1067.583
1067.733
1067.917
1068.100
1068.267
1068.433
1068.617
1068.783
1068.950
1069.117
1069.283
1069.467
1069.633
1069.800
1069.967
1070.133
1070.317
1070.483
1070.650
1071.183
1071.517
1071.850
1072.200
1072.383
1072.550
1072.717
1072.883
1073.050
1073.217
1073.383
1073.567
1073.733
1073.900
1074.083
1074.250
1074.417
1074.583
1074.750
1074.933
1075.100
1075.267
1075.433
1075.600
1075.783
1075.950
1076.117
1076.650
1077.000
1077.333
1077.683
1077.867
1078.033
1078.200
1078.367
1078.533
1078.700
1078.867
1079.050
1079.217
1079.383
1079.567
1079.733
1079.900
1080.067
1080.233
1080.417
1080.583
1080.750
1080.917
1081.083
1081.267
1081.433
1081.600
1081.783
1081.983
1082.067
1082.150
1082.233
1082.317
1082.400
1083.167
1083.350
1083.517
1083.683
1083.850
1084.017
1084.200
1084.367
1084.550
1084.717
1084.883
1085.067
1085.233
1085.400
1085.567
1085.733
1085.917
1086.083
1086.250
1086.417
1086.583
1086.767
1086.933
1087.100
1087.633
1087.983
1088.317
1088.667
1088.850
1089.017
1089.183
1089.350
1089.517
1089.683
1089.850
1090.033
1090.200
1090.367
1090.550
1090.717
1090.883
1091.050
1091.217
1091.400
1091.567
1091.733
1091.900
1092.067
1092.250
1092.417
1092.583
1093.117
1093.450
1093.783
1094.133
1094.317
1094.483
1094.650
1094.817
1094.983
1095.150
1095.317
1095.500
1095.667
1095.833
1096.017
1096.183
1096.350
1096.517
1096.683
1096.867
1097.033
1097.200
1097.367
1097.533
1097.717
1097.883
1098.050
1098.583
1098.933
1099.283
1099.617
1099.817
1099.967
1100.150
1100.317
1100.483
1100.633
1100.800
1101.000
1101.150
1101.333
1101.517
1101.683
1101.850
1102.017
1102.183
1102.367
1102.533
1102.700
1102.867
1103.033
1103.217
1103.383
1103.550
1103.733
1104.433
1104.950
1105.800
1105.983
1106.150
1106.500
1107.183
1107.700
1108.033
1108.550
1109.067
1109.233
1109.917
1110.433
1111.283
1111.467
1111.633
1111.983
1112.667
1113.183
1113.517
1114.033
1114.550
1114.717
1115.400
1115.917
1116.783
1116.967
1117.133
1117.467
1118.167
1118.683
1119.017
1119.533
1120.050
1120.217
1120.900
1121.417
1122.267
1122.450
1122.617
1122.967
1123.650
1124.167
1124.500
1125.017
1125.533
1125.700
1126.367
1126.717
1127.067
1127.400
1127.750
1128.083
1128.433
1128.767
1129.117
1129.467
1129.800
1130.150
1130.483
1130.833
1131.183
1131.517
1131.683
1131.850
1132.200
1132.550
1132.900
1133.233
1133.583
1133.933
1134.250
1134.617
1134.967
1135.300
1135.650
1135.983
1136.333
1136.683
1137.017
1137.183
1137.350
1137.700
1138.050
1138.383
1138.733
1139.067
1139.417
1139.750
1140.100
1140.450
1140.783
1141.133
1141.467
1141.817
1142.167
1142.500
1142.667
1142.833
1143.183
1143.533
1143.867
1144.217
1144.550
1144.900
1145.233
1145.583
1145.933
1146.267
1146.617
1146.950
1147.300
1147.650
1147.983
1148.150
1148.317
1149.000
1149.083
1149.167
1149.250
1149.333
1149.417
1149.500
1149.583
1149.683
1150.017
1150.383
1150.567
1150.717
1150.883
1151.050
1151.233
1151.400
1151.567
1151.750
1151.917
1152.083
1152.267
1152.433
1152.600
1152.767
1152.933
1153.117
1153.283
1153.450
1153.617
1153.783
1153.967
1154.133
1154.300
1154.833
1155.183
1155.517
1155.867
1156.050
1156.217
1156.383
1156.550
1156.717
1156.883
1157.050
1157.233
1157.400
1157.567
1157.750
1157.917
1158.083
1158.250
1158.417
1158.600
1158.767
1158.933
1159.100
1159.267
1159.450
1159.617
1159.783
1160.317
1160.650
1160.983
1161.333
1161.517
1161.683
1161.850
1162.017
1162.183
1162.350
1162.517
1162.700
1162.867
1163.033
1163.217
1163.383
1163.550
1163.717
1163.883
1164.067
1164.233
1164.400
1164.567
1164.733
1164.917
1165.083
1165.250
1165.783
1166.133
1166.483
1166.817
1167.017
1167.167
1167.333
1167.500
1167.667
1167.833
1168.017
1168.200
1168.367
1168.533
1168.717
1168.883
1169.050
1169.217
1169.383
1169.567
1169.733
1169.900
1170.067
1170.233
1170.417
1170.583
1170.750
1170.933
1171.133
1171.217
1171.300
1171.383
1171.467
1171.550
1172.317
1172.500
1172.667
1172.833
1173.000
1173.167
1173.333
1173.500
1173.683
1173.850
1174.017
1174.200
1174.367
1174.533
1174.700
1174.867
1175.050
1175.217
1175.383
1175.550
1175.717
1175.900
1176.067
1176.233
1176.767
1177.117
1177.450
1177.800
1177.983
1178.150
1178.317
1178.483
1178.650
1178.817
1178.983
1179.167
1179.333
1179.500
1179.683
1179.850
1180.017
1180.183
1180.350
1180.533
1180.700
1180.867
1181.033
1181.200
1181.383
1181.550
1181.717
1182.250
1182.583
1182.917
1183.283
1183.467
1183.633
1183.800
1183.967
1184.117
1184.283
1184.450
1184.650
1184.800
1184.983
1185.167
1185.333
1185.500
1185.667
1185.833
1186.017
1186.183
1186.350
1186.517
1186.683
1186.867
1187.033
1187.200
1187.733
1188.083
1188.417
1188.767
1188.950
1189.117
1189.283
1189.450
1189.617
1189.783
1189.950
1190.133
1190.300
1190.467
1190.650
1190.817
1190.983
1191.150
1191.317
1191.500
1191.667
1191.833
1192.000
1192.167
1192.350
1192.517
1192.683
1192.867
1193.567
1194.083
1194.933
1195.117
1195.283
1195.633
1196.317
1196.833
1197.167
1197.683
1198.200
1198.367
1199.050
1199.567
1200.433
1200.617
1200.783
1201.117
1201.817
1202.333
1202.667
1203.183
1203.700
1203.867
1204.550
1205.067
1205.917
1206.100
1206.267
1206.617
1207.300
1207.817
1208.150
1208.667
1209.183
1209.350
1210.033
1210.550
1211.400
1211.583
1211.750
1212.100
1212.783
1213.300
1213.633
1214.150
1214.667
1214.833
1215.500
1228.767
1229.750
1230.733
1231.700
1232.683
1233.667
1234.650
1235.617
1236.583
1237.567
1238.550
1239.517
1240.500
1241.483
1242.450
1243.417
1244.383
1245.367
1246.350
1247.317
1248.300
1249.283
1250.267
1251.217
1252.200
1253.183
1254.167
1255.150
1256.133
1257.117
1260.533
1260.783
1261.033
1261.517
1261.633
1261.750
1261.867
1261.983
1262.100
1262.217
1262.483
1262.733
1262.983
1263.400
1263.517
1263.633
1263.750
1263.867
1263.983
1264.100
1264.350
1264.600
1264.850
1265.300
1265.417
1265.533
1265.650
1265.783
1265.883
1266.000
1266.250
1266.500
1266.767
1267.200
1267.317
1267.433
1267.550
1267.667
1267.767
1267.883
1268.133
1268.383
1268.633
1269.050
1269.167
1269.283
1269.400
1269.517
1269.633
1269.750
1270.000
1270.250
1270.500
1270.917
1271.033
1271.150
1271.267
1271.383
1271.500
1271.617
1271.867
1272.117
1272.367
1272.767
1272.883
1273.000
1273.117
1273.233
1273.350
1273.467
1273.767
1273.883
1274.000
1274.117
1274.233
1274.350
1274.467
1274.750
1274.867
1274.983
1275.100
1275.217
1275.333
1275.450
1275.567
1275.817
1276.067
1276.650
1276.950
1277.450
1277.700
1277.950
1278.533
1278.833
1279.333
1279.583
1279.833
1280.500
1280.800
1281.283
1281.533
1281.783
1282.433
1282.733
1283.233
1283.483
1283.733
1284.417
1284.700
1285.183
1285.450
1285.700
1286.367
1286.667
1287.150
1287.400
1287.650
1288.317
1288.617
1291.050
1291.300
1291.550
1292.183
1292.300
1292.417
1292.533
1292.650
1292.767
1292.883
1293.000
1293.250
1293.500
1294.133
1294.250
1294.367
1294.483
1294.600
1294.717
1294.833
1294.967
1295.217
1295.467
1296.083
1296.200
1296.317
1296.433
1296.550
1296.667
1296.783
1296.900
1297.150
1297.400
1298.033
1298.150
1298.267
1298.383
1298.500
1298.617
1298.733
1298.850
1299.367
1299.850
1300.833
1301.300
1301.800
1302.800
1303.283
1303.767
1304.250
1304.733
1305.217
1305.700
1306.183
1306.683
1306.933
1307.183
1307.833
1308.133
1308.667
1308.917
1309.167
1309.767
1310.067
1310.567
1310.817
1311.067
1311.717
1312.017
1312.517
1312.767
1313.017
1313.667
1313.967
1314.467
1314.717
1314.967
1315.617
1315.933
1316.417
1316.667
1316.917
1317.567
1317.867
1318.367
1318.617
1318.867
1319.533
1319.833
1322.267
1322.517
1322.767
1323.400
1323.517
1323.633
1323.750
1323.867
1323.983
1324.100
1324.217
1324.467
1324.717
1325.350
1325.467
1325.583
1325.700
1325.817
1325.933
1326.050
1326.183
1326.433
1326.683
1327.300
1327.417
1327.533
1327.650
1327.767
1327.883
1328.000
1328.150
1328.400
1328.650
1329.250
1329.367
1329.483
1329.600
1329.717
1329.833
1329.950
1330.083
1330.333
1330.583
1331.183
1331.300
1331.417
1331.550
1331.650
1331.767
1331.883
1332.017
1332.267
1332.517
1333.150
1333.250
1333.367
1333.500
1333.617
1333.733
1333.850
1334.000
1334.500
1334.983
1335.467
1335.950
1336.450
1336.933
1337.417
1339.917
1340.167
1340.283
1340.400
1340.633
1340.750
1341.000
1341.117
1341.367
1341.600
1341.833
1342.083
1342.200
1342.317
1342.567
1342.683
1342.800
1343.033
1343.283
1343.517
1343.750
1344.000
1344.117
1344.233
1344.483
1344.717
1344.833
1344.950
1345.200
1345.450
1345.700
1345.817
1345.933
1346.167
1346.417
1346.650
1346.883
1347.133
1347.250
1347.367
1347.483
1347.617
1348.083
1349.050
1350.017
1350.983
1351.950
1352.900
1353.867
1354.817
1355.783
1356.733
1357.700
1358.650
1359.617
1360.567
1361.050
1361.533
1362.133
1362.500
1362.733
1362.850
1362.983
1363.450
1363.700
1363.933
1364.417
1364.667
1364.917
1365.367
1365.633
1365.850
1366.317
1366.567
1366.700
1366.800
1367.300
1367.550
1367.783
1368.267
1368.517
1368.750
1369.217
1369.467
1369.700
1370.167
1370.417
1370.533
1370.650
1371.133
1371.383
1371.617
1372.100
1372.350
1372.583
1373.050
1373.300
1373.533
1374.000
1374.250
1374.367
1374.483
1374.967
1375.217
1375.450
1375.933
1376.183
1376.417
1376.883
1377.133
1377.367
1377.833
1378.083
1378.200
1378.317
1378.817
1379.283
1379.767
1380.250
1380.733
1381.200
1381.683
1382.167
1382.650
1383.133
1383.600
1384.100
1384.583
1385.067
1385.533
1386.017
1386.500
1386.983
1387.450
1387.933
1388.417
1388.900
1389.367
1389.850
1390.333
1390.817
1391.283
1393.217
1393.333
1393.450
1393.567
1393.683
1393.933
1394.183
1394.550
1394.783
1394.900
1395.150
1395.383
1395.867
1395.983
1396.100
1396.350
1396.467
1396.700
1396.817
1397.067
1397.300
1397.550
1397.800
1398.033
1398.400
1398.633
1398.750
1399.000
1399.233
1399.717
1399.833
1399.950
1400.200
1400.317
1400.550
1400.667
1400.917
1401.150
1401.383
1401.633
1401.867
1402.233
1402.467
1402.583
1402.833
1403.067
1403.550
1403.667
1403.783
1404.033
1404.150
1404.383
1404.500
1405.233
1405.717
1406.067
1406.317
1406.433
1406.667
1409.050
1409.300
1409.533
1409.783
1410.017
1410.267
1410.500
1410.750
1410.983
1411.233
1411.467
1411.717
1411.967
1412.200
1412.417
1412.650
1412.783
1412.900
1413.150
1413.383
1413.633
1413.867
1414.117
1414.350
1414.600
1414.833
1415.083
1415.317
1415.567
1415.800
1416.033
1416.267
1416.500
1416.617
1416.733
1416.983
1417.217
1417.467
1417.700
1417.950
1418.183
1418.433
1418.667
1418.917
1419.150
1419.400
1419.633
1419.867
1420.100
1420.333
1420.450
1420.567
1420.817
1421.050
1421.300
1421.533
1421.783
1422.017
1422.267
1422.500
1422.750
1422.983
1423.233
1423.467
1423.700
1423.933
1424.167
1424.283
1424.400
1424.650
1424.883
1425.133
1425.367
1425.617
1425.850
1426.100
1426.333
1426.583
1426.817
1427.067
1427.300
1427.533
1427.767
1428.000
1428.133
1428.250
1428.483
1428.717
1428.983
1429.217
1429.467
1429.700
1429.950
1430.183
1430.433
1430.667
1430.917
1431.150
1431.383
1431.617
1431.850
1431.967
1432.083
1432.333
1432.567
1432.817
1433.050
1433.300
1433.533
1433.783
1434.017
1434.267
1434.500
1434.750
1434.983
1435.217
1435.450
1435.683
1435.800
1435.917
1436.167
1436.400
1436.650
1436.883
1437.133
1437.367
1437.617
1437.850
1438.100
1438.333
1438.583
1438.817
1439.050
1439.283
1439.517
1439.633
1440.267
1441.217
1442.183
1442.667
1443.133
1444.100
1445.050
1446.017
1446.517
1446.983
1447.950
1448.900
1449.867
1450.833
1451.300
1451.550
1451.783
1452.750
1452.983
1454.183
1454.433
1454.667
1454.783
1454.900
1455.017
1455.133
1455.383
1455.617
1455.733
1455.850
1455.967
1465.200
1465.950
1466.700
1467.450
1468.200
1468.950
1469.700
1470.450
1471.200
1471.967
1472.717
1473.467
1474.217
1474.967
1475.717
1476.467
1476.833
1477.017
1477.200
1477.383
1477.583
1477.767
1477.950
1478.133
1478.333
1478.517
1478.700
1478.883
1479.083
1479.267
1479.450
1479.633
1479.833
1480.017
1480.200
1480.383
1480.583
1480.767
1480.950
1481.133
1481.333
1481.517
1481.700
1481.883
1482.083
1482.267
1482.450
1482.633
1482.833
1483.017
1483.200
1483.383
1483.583
1483.767
1483.950
1484.133
1484.333
1484.517
1484.700
1484.883
1485.083
1485.267
1485.450
1485.633
1485.833
1486.017
1486.200
1486.383
1486.583
1486.767
1486.950
1487.150
1487.350
1487.517
1487.717
1487.900
1488.100
1488.850
1489.033
1489.217
1489.400
1489.600
1489.783
1489.967
1490.150
1490.350
1490.533
1490.717
1490.900
1491.100
1491.283
1491.467
1491.650
1491.850
1492.033
1492.217
1492.400
1492.600
1492.783
1492.967
1493.150
1493.350
1493.533
1493.717
1493.900
1494.283
1494.467
1494.850
1495.033
1495.217
1495.400
1495.600
1495.783
1495.967
1496.150
1496.350
1496.533
1496.717
1496.900
1497.100
1497.283
1497.467
1497.833
1497.933
1498.033
1498.217
1498.317
1498.417
1498.583
1498.683
1498.783
1498.950
1499.050
1499.150
1499.333
1499.517
1499.700
1499.883
1500.083
1500.267
1500.367
1500.467
1500.833
1501.217
1501.583
1501.767
1502.150
1502.717
1503.083
1503.267
1503.450
1503.850
1504.217
1504.583
1504.767
1505.167
1505.733
1506.100
1506.283
1506.467
1506.850
1507.233
1507.600
1507.783
1508.167
1508.733
1509.100
1509.283
1509.467
1509.850
1510.217
1510.583
1510.950
1511.333
1511.700
1512.083
1512.267
1512.450
1512.650
1515.833
1516.217
1516.967
1517.717
1518.467
1519.217
1519.983
1520.733
1521.850
1522.233
1522.983
1523.733
1524.483
1525.233
1525.983
1526.733
1527.833
1528.217
1528.583
1528.967
1529.333
1529.717
1530.083
1530.467
1530.833
1531.217
1531.583
1531.967
1532.333
1532.717
1533.083
1533.467
1533.833
1534.017
1534.200
1534.383
1534.583
1534.767
1534.950
1535.133
1535.333
1535.517
1535.700
1535.883
1536.083
1536.283
1536.450
1536.633
1536.850
1537.033
1537.217
1537.400
1537.583
1537.767
1537.967
1538.133
1538.350
1538.533
1538.717
1538.900
1539.100
1539.283
1539.467
1539.650
1539.850
1540.033
1540.217
1540.400
1540.600
1540.783
1540.967
1541.150
1541.350
1541.533
1541.717
1541.900
1542.100
1542.283
1542.467
1542.650
1542.850
1543.033
1543.217
1543.400
1543.600
1543.783
1543.967
1544.150
1544.350
1544.533
1544.717
1544.900
1545.100
1545.850
1546.033
1546.217
1546.400
1546.600
1546.783
1546.967
1547.150
1547.350
1547.533
1547.717
1547.900
1548.100
1548.283
1548.467
1548.650
1548.850
1549.033
1549.217
1549.400
1549.600
1549.783
1549.967
1550.150
1550.350
1550.533
1550.717
1550.900
1551.283
1551.467
1551.850
1552.033
1552.217
1552.400
1552.600
1552.783
1552.967
1553.150
1553.367
1553.550
1553.733
1553.917
1554.117
1554.283
1554.467
1554.833
1554.933
1555.033
1555.233
1555.333
1555.433
1555.600
1555.700
1555.800
1555.967
1556.067
1556.167
1556.350
1556.533
1556.717
1556.900
1557.100
1557.283
1557.383
1557.483
1557.850
1558.233
1558.600
1558.783
1559.167
1559.733
1560.100
1560.283
1560.467
1560.850
1561.233
1561.600
1561.783
1562.167
1562.733
1563.100
1563.283
1563.467
1563.850
1564.233
1564.600
1564.783
1565.167
1565.733
1566.100
1566.283
1566.467
1566.850
1567.217
1567.583
1567.950
1568.333
1568.700
1569.083
1569.267
1569.450
1569.650
1572.850
1573.233
1573.983
1574.733
1575.483
1576.233
1576.983
1577.733
1578.850
1579.233
1579.983
1580.733
1581.483
1582.233
1582.983
1583.733
1584.833
1585.217
1585.583
1585.967
1586.333
1586.717
1587.083
1587.483
1587.833
1588.217
1588.600
1588.983
1589.350
1589.733
1590.100
1590.483
1590.850
1591.600
1592.350
1593.100
1593.850
1594.600
1595.350
1596.100
1596.850
1597.600
1598.350
1599.100
1599.850
1600.617
1601.367
1602.133
1602.883
1605.467
1605.650
1605.850
1606.600
1607.167
1607.533
1607.900
1608.100
1608.850
1609.600
1611.833
1612.217
1612.583
1612.767
1613.150
1613.717
1614.083
1614.267
1614.450
1614.833
1615.200
1615.567
1615.933
1616.317
1616.683
1617.067
1617.250
1617.433
1617.633
1620.850
1621.033
1621.217
1621.400
1621.600
1621.783
1621.967
1622.150
1622.350
1622.533
1622.717
1622.900
1623.100
1623.283
1623.467
1623.650
1623.850
1624.033
1624.217
1624.400
1624.600
1624.783
1624.967
1625.150
1625.350
1625.533
1625.717
1625.900
1626.100
1626.283
1626.850
1627.033
1627.217
1627.400
1627.600
1627.783
1627.967
1628.150
1628.350
1628.533
1628.717
1628.900
1629.100
1629.283
1629.467
1629.650
1629.850
1630.033
1630.217
1630.400
1630.600
1630.783
1630.967
1631.150
1631.350
1631.533
1631.717
1631.900
1632.100
1632.283
1632.850
1633.033
1633.217
1633.400
1633.600
1633.783
1633.967
1634.150
1634.350
1634.533
1634.717
1634.900
1635.117
1635.283
1635.467
1635.650
1635.867
1636.050
1636.233
1636.417
1636.617
1636.800
1636.983
1637.167
1637.367
1637.550
1637.733
1637.917
1638.117
1638.300
1638.850
1639.600
1640.350
1641.100
1641.850
1642.600
1643.350
1644.100
1644.467
1644.667
1644.850
1645.600
1646.350
1647.100
1647.850
1648.600
1649.350
1650.100
1650.300
1650.483
1656.883
1657.267
1657.650
1658.033
1658.417
1658.617
1658.817
1659.200
1659.400
1659.600
1659.983
1660.367
1660.750
1661.150
1661.517
1661.733
1661.933
1662.317
1662.500
1662.600
1662.700
1663.083
1663.467
1663.850
1664.233
1664.617
1664.817
1665.017
1665.400
1665.600
1665.800
1666.183
1666.567
1666.950
1667.333
1667.717
1667.917
1668.117
1668.500
1668.700
1668.800
1668.900
1669.283
1669.667
1670.050
1670.433
1670.817
1671.017
1671.217
1671.600
1671.800
1672.000
1672.383
1672.767
1673.150
1673.533
1673.917
1674.117
1674.317
1674.700
1674.900
1675.000
1675.100
1675.467
1675.850
1676.233
1676.617
1677.000
1677.200
1677.400
1677.783
1678.000
1678.200
1678.583
1679.333
1680.117
1680.517
1680.900
1681.667
1681.867
1682.050
1682.250
1682.450
1682.633
1682.733
1682.833
1682.933
1683.033
1683.133
1683.233
1683.417
1683.600
1683.800
1684.000
1684.183
1684.283
1684.383
1684.483
1684.583
1684.683
1684.783
1684.967
1685.150
1685.350
1685.550
1685.733
1685.833
1685.933
1686.033
1686.133
1686.233
1686.333
1686.517
1686.700
1686.900
1687.100
1687.867
1688.067
1688.250
1688.450
1688.650
1688.833
1688.933
1689.033
1689.133
1689.233
1689.333
1689.433
1689.617
1689.800
1690.000
1690.200
1690.383
1690.483
1690.583
1690.683
1690.783
1690.883
1690.983
1691.167
1691.350
1691.550
1691.750
1691.933
1692.033
1692.133
1692.233
1692.333
1692.433
1692.533
1692.700
1692.883
1693.083
1693.283
1693.467
1693.567
1693.667
1693.767
1693.867
1693.967
1694.067
1694.250
1694.450
1694.633
1694.833
1695.033
1695.133
1695.217
1695.333
1695.433
1695.533
1695.633
1695.800
1695.983
1696.183
1696.383
1696.567
1696.683
1696.783
1696.883
1696.983
1697.083
1697.183
1697.350
1697.533
1697.733
1697.933
1698.117
1698.217
1698.317
1698.417
1698.517
1698.617
1698.717
1698.900
1699.083
1699.283
1699.483
1699.667
1699.767
1699.867
1700.267
1700.450
1700.633
1700.833
1701.033
1701.217
1701.317
1701.417
1701.517
1701.617
1701.717
1701.817
1702.000
1702.183
1702.383
1702.583
1702.767
1702.867
1702.967
1703.067
1703.167
1703.267
1706.450
1706.550
1706.650
1706.750
1706.850
1706.950
1707.033
1707.133
1707.233
1707.333
1707.433
1707.533
1707.617
1707.717
1707.817
1707.917
1708.017
1708.117
1708.200
1708.300
1708.400
1708.500
1708.600
1708.700
1708.783
1708.883
1708.983
1709.083
1709.183
1709.283
1709.367
1709.467
1709.567
1709.667
1709.767
1709.867
1709.950
1710.050
1710.150
1710.250
1710.350
1710.450
1710.533
1710.633
1710.733
1710.833
1710.933
1711.033
1711.117
1711.217
1711.317
1711.417
1711.517
1711.633
1711.717
1711.817
1711.917
1712.017
1712.117
1712.217
1712.300
1712.400
1712.500
1712.583
1712.700
1712.783
1712.867
1712.983
1713.083
1713.183
1713.283
1713.383
1713.467
1713.567
1713.667
1713.767
1713.867
1713.967
1714.050
1714.150
1714.250
1714.350
1714.450
1714.550
1714.633
1714.733
1714.833
1714.933
1715.033
1715.133
1715.217
1715.317
1715.417
1715.517
1715.617
1715.717
1715.817
1715.917
1716.017
1716.117
1716.217
1716.300
1716.400
1716.500
1716.600
1716.700
1716.800
1716.883
1716.983
1717.083
1717.183
1717.283
1717.383
1717.467
1717.567
1717.667
1717.767
1717.867
1717.967
1718.050
1718.150
1718.250
1718.350
1718.450
1718.550
1719.233
1719.333
1719.433
1719.533
1719.633
1719.733
1719.817
1719.917
1720.017
1720.117
1720.217
1720.317
1720.400
1720.500
1720.600
1720.700
1720.800
1720.900
1720.983
1721.083
1721.183
1721.283
1721.383
1721.483
1721.567
1721.667
1721.767
1721.867
1721.967
1722.067
1722.150
1722.250
1722.350
1722.450
1722.550
1722.650
1722.733
1722.833
1722.933
1723.033
1723.133
1723.233
1723.317
1723.417
1723.517
1723.617
1723.717
1723.817
1723.900
1724.000
1724.100
1724.200
1724.300
1724.400
1724.483
1724.583
1724.683
1724.783
1724.883
1724.983
1725.067
1725.167
1725.267
1725.367
1725.467
1725.567
1725.650
1725.750
1725.850
1725.950
1726.050
1726.150
1726.233
1726.333
1726.433
1726.533
1726.633
1726.733
1726.817
1726.917
1727.017
1727.117
1727.217
1727.317
1727.400
1727.500
1727.600
1727.700
1727.800
1727.900
1727.983
1728.083
1728.183
1728.283
1728.383
1728.500
1728.567
1728.683
1728.783
1728.883
1728.983
1729.083
1729.167
1729.250
1729.350
1729.450
1729.550
1729.650
1729.733
1729.950
1730.250
1730.450
1731.217
1731.600
1731.983
1732.367
1732.750
1732.950
1733.150
1733.533
1733.733
1733.933
1734.317
1734.700
1735.083
1735.467
1735.850
1736.050
1736.250
1736.633
1736.833
1736.933
1737.033
1737.400
1737.783
1738.167
1738.550
1738.933
1739.133
1739.333
1739.717
1739.917
1740.117
1740.500
1741.267
1742.033
1742.433
1742.817
1743.583
1743.783
1743.967
1744.167
1744.367
1744.550
1744.650
1744.750
1744.850
1744.950
1745.050
1745.150
1745.333
1745.517
1745.733
1745.933
1746.100
1746.200
1746.317
1746.400
1746.500
1746.617
1746.717
1746.900
1747.083
1747.283
1747.483
1747.667
1747.767
1747.867
1747.967
1748.067
1748.167
1748.267
1748.633
1749.017
1749.400
1749.800
1750.000
1750.183
1750.383
1750.583
1750.767
1750.867
1750.967
1751.067
1751.167
1751.267
1751.367
1751.550
1751.733
1751.933
1752.133
1752.317
1752.417
1752.517
1752.617
1752.717
1752.817
1752.917
1753.100
1753.283
1753.483
1753.683
1753.867
1753.967
1754.067
1754.167
1754.267
1754.367
1754.467
1754.817
1755.200
1755.583
1756.000
1756.183
1756.367
1756.567
1756.767
1756.950
1757.050
1757.150
1757.250
1757.350
1757.450
1757.550
1757.733
1757.917
1758.117
1758.317
1758.500
1758.600
1758.700
1758.800
1758.900
1759.000
1759.100
1759.267
1759.450
1759.650
1759.850
1760.033
1760.133
1760.233
1760.333
1760.433
1760.533
1760.633
1760.817
1761.017
1761.200
1761.417
1761.583
1761.700
1761.800
1762.183
1762.367
1762.567
1762.750
1762.950
1763.133
1763.233
1763.333
1763.433
1763.550
1763.650
1763.750
1763.933
1764.117
1764.317
1764.517
1764.700
1764.800
1764.900
1765.000
1765.100
1765.200
1768.383
1768.483
1768.583
1768.683
1768.783
1768.883
1768.967
1769.067
1769.167
1769.267
1769.367
1769.467
1769.550
1769.650
1769.750
1769.850
1769.950
1770.050
1770.133
1770.233
1770.333
1770.433
1770.533
1770.633
1770.717
1770.817
1770.917
1771.017
1771.117
1771.217
1771.300
1771.400
1771.500
1771.600
1771.700
1771.800
1771.883
1771.983
1772.083
1772.183
1772.283
1772.383
1772.467
1772.567
1772.667
1772.767
1772.867
1772.967
1773.050
1773.150
1773.250
1773.350
1773.450
1773.550
1773.633
1773.733
1773.833
1773.933
1774.033
1774.133
1774.217
1774.317
1774.417
1774.517
1774.617
1774.717
1774.800
1774.900
1775.000
1775.100
1775.200
1775.300
1775.383
1775.483
1775.583
1775.683
1775.783
1775.883
1775.967
1776.067
1776.167
1776.267
1776.367
1776.467
1776.550
1776.650
1776.750
1776.850
1776.950
1777.050
1777.133
1777.233
1777.333
1777.450
1777.533
1777.650
1777.733
1777.833
1777.933
1778.050
1778.133
1778.233
1778.317
1778.417
1778.533
1778.633
1778.733
1778.817
1778.917
1779.017
1779.117
1779.217
1779.317
1779.383
1779.483
1779.583
1779.683
1779.783
1779.883
1779.967
1780.083
1780.183
1780.283
1780.383
1780.483
1781.167
1781.267
1781.367
1781.467
1781.567
1781.667
1781.750
1781.850
1781.950
1782.050
1782.150
1782.250
1782.333
1782.433
1782.533
1782.633
1782.733
1782.833
1782.917
1783.017
1783.117
1783.217
1783.317
1783.417
1783.500
1783.600
1783.700
1783.800
1783.900
1784.000
1784.083
1784.183
1784.283
1784.383
1784.483
1784.583
1784.667
1784.767
1784.867
1784.967
1785.067
1785.167
1785.250
1785.350
1785.450
1785.550
1785.650
1785.750
1785.833
1785.933
1786.033
1786.133
1786.233
1786.333
1786.417
1786.517
1786.617
1786.717
1786.817
1786.917
1787.000
1787.100
1787.200
1787.300
1787.400
1787.500
1787.583
1787.683
1787.783
1787.883
1787.983
1788.083
1788.167
1788.267
1788.367
1788.467
1788.567
1788.667
1788.750
1788.850
1788.950
1789.050
1789.150
1789.250
1789.333
1789.433
1789.533
1789.633
1789.733
1789.833
1789.917
1790.017
1790.117
1790.217
1790.317
1790.417
1790.500
1790.600
1790.700
1790.800
1790.900
1791.000
1791.083
1791.183
1791.283
1791.383
1791.483
1791.583
1791.667
1791.883
1792.167
1792.367
1793.533
