98.198
99.165
100.100
101.034
101.968
102.902
103.837
104.771
105.705
106.639
107.607
108.541
109.476
110.410
111.344
112.278
113.179
114.114
115.081
116.015
116.950
117.884
118.852
119.786
120.720
121.654
122.589
123.523
124.457
125.391
126.326
127.293
128.228
128.695
129.162
129.596
130.063
130.530
130.997
131.498
131.965
132.432
132.899
133.366
133.833
134.300
134.767
135.235
135.702
136.169
136.669
137.137
137.570
138.071
138.538
139.005
139.472
139.939
140.406
140.874
141.341
141.808
142.275
142.742
143.209
143.676
144.144
144.611
145.078
145.512
145.979
146.446
146.913
147.380
147.914
148.381
148.848
149.315
149.782
150.250
150.717
151.184
151.651
152.118
152.585
153.052
153.520
153.987
154.454
154.921
155.388
155.855
156.322
156.823
157.290
157.757
158.224
158.458
158.691
158.925
159.159
159.626
160.093
160.560
161.027
161.494
161.928
162.395
162.862
163.329
163.796
164.264
164.764
165.231
165.698
165.965
166.199
166.432
166.666
167.133
167.600
168.067
168.535
169.002
169.469
169.936
170.403
170.870
171.337
171.804
172.272
172.739
173.206
173.439
173.673
173.907
174.140
174.607
175.074
175.542
176.042
176.509
176.976
177.443
177.911
178.344
178.811
179.279
179.746
180.213
180.680
180.914
181.181
181.414
181.648
182.115
182.582
183.049
183.516
183.983
184.450
184.918
185.385
185.885
186.352
186.819
187.287
187.754
188.221
188.454
188.688
189.155
189.622
190.089
190.557
191.024
191.491
191.958
192.192
192.425
192.892
193.359
193.826
194.260
194.727
195.228
195.695
195.929
196.162
196.629
197.096
197.564
198.064
198.531
198.998
199.465
199.699
199.933
200.400
200.867
201.334
201.801
202.268
202.735
203.203
203.436
203.670
204.137
204.604
205.071
205.572
206.039
206.506
206.973
207.207
207.440
207.907
208.374
208.841
209.309
209.776
210.243
210.677
210.910
211.144
211.611
212.078
212.545
213.012
213.479
213.947
214.414
214.714
214.948
215.415
215.882
216.349
216.816
217.283
217.750
233.199
234.167
235.101
236.035
236.970
237.904
238.838
239.772
240.707
241.641
242.575
243.509
244.444
245.378
246.312
247.247
248.214
248.448
248.681
249.148
249.616
250.083
250.316
250.550
251.017
251.484
251.951
252.185
252.418
252.885
253.353
253.853
254.087
254.320
254.787
255.255
255.722
255.955
256.189
256.656
257.123
257.590
257.824
258.057
258.524
258.992
259.425
259.659
259.892
260.360
260.827
261.294
261.527
261.761
262.228
262.729
263.196
263.429
263.663
264.130
264.631
265.098
265.331
265.565
266.032
266.499
266.966
267.200
267.433
267.900
268.368
268.835
269.068
269.302
269.769
270.236
270.703
270.937
271.170
271.638
272.105
272.572
272.839
273.072
273.539
274.007
274.474
274.707
274.941
275.408
275.842
276.309
276.542
276.776
277.243
277.710
278.177
278.411
278.645
279.112
279.579
280.046
280.513
280.980
281.481
281.948
282.181
282.448
282.915
283.383
283.850
284.317
284.784
285.251
285.718
285.952
286.185
286.653
287.120
287.587
288.054
288.521
288.988
289.455
289.689
289.922
290.390
290.857
291.324
291.758
292.258
292.725
293.192
293.426
293.660
294.127
294.594
295.061
295.528
295.995
296.462
296.929
297.163
297.397
297.864
298.364
298.831
299.299
299.766
300.233
300.700
300.967
301.200
301.634
302.135
302.602
303.069
303.536
304.003
304.470
304.704
304.937
305.405
305.872
306.339
306.806
307.273
307.740
308.174
308.641
309.108
309.575
310.043
310.510
310.977
311.444
311.944
312.412
312.879
313.346
313.813
314.280
314.781
315.248
315.715
316.182
316.649
317.116
317.583
318.051
318.518
318.985
319.452
319.919
320.386
320.853
321.354
321.821
322.288
322.755
323.222
323.690
324.157
324.590
325.058
325.525
325.992
326.459
326.926
327.393
327.860
328.328
328.795
329.262
329.729
330.196
330.697
331.130
331.664
332.131
332.598
333.066
333.533
334.000
334.467
334.934
335.401
335.868
336.336
336.803
337.270
337.737
338.204
338.671
339.138
339.605
340.073
340.506
340.973
341.474
341.941
342.408
342.875
343.343
343.810
344.277
344.744
345.211
345.678
346.145
346.612
347.080
347.547
348.047
348.514
348.981
349.449
349.916
350.416
350.883
351.351
351.818
352.285
352.752
353.219
353.686
354.153
354.620
355.088
355.555
356.022
356.489
356.923
357.390
357.857
358.324
358.791
359.258
359.759
360.226
360.693
361.160
361.627
362.095
362.562
363.029
363.496
363.963
364.430
364.931
365.398
365.865
366.332
366.799
367.266
367.734
368.201
368.434
368.701
368.935
369.135
369.402
369.635
369.869
370.103
370.336
370.570
370.803
371.037
371.270
371.504
371.738
371.971
372.205
372.438
372.672
372.905
373.106
373.339
373.573
373.806
374.040
374.273
374.507
374.741
374.974
375.208
375.441
375.675
375.908
376.142
376.376
376.609
376.843
377.076
377.310
377.543
377.777
378.010
378.277
378.511
378.711
378.945
379.212
379.445
379.679
379.912
380.146
380.380
380.613
380.847
381.080
381.314
381.581
381.814
382.048
382.281
382.515
382.749
382.982
383.216
383.449
383.683
383.916
384.150
384.384
384.617
384.851
385.084
385.318
385.551
385.785
386.018
386.252
386.486
386.719
386.953
387.186
387.420
387.653
387.887
388.121
388.388
388.621
388.855
389.088
389.288
389.522
389.756
389.989
390.223
390.456
390.690
390.923
391.157
391.391
391.624
391.858
392.091
392.325
392.558
392.792
393.025
393.259
393.493
393.726
393.960
394.193
398.231
398.464
398.698
398.931
399.165
399.399
399.632
399.866
400.099
400.333
400.566
400.800
401.033
401.267
401.501
401.734
401.968
402.201
402.435
402.668
402.902
403.136
403.369
403.603
403.836
404.070
404.303
404.537
404.771
405.004
405.238
405.438
405.671
405.905
406.139
406.372
406.606
406.839
407.073
407.306
407.573
407.807
408.040
408.274
408.508
408.741
408.975
409.208
409.442
409.675
409.909
410.143
410.376
410.610
410.843
411.077
411.310
411.544
411.778
412.011
412.245
412.478
412.712
412.945
413.179
413.413
413.646
413.880
414.113
414.347
414.580
414.847
415.081
415.314
415.548
415.782
416.015
416.249
416.482
416.716
416.949
417.183
417.450
417.683
417.917
418.151
418.384
418.618
418.851
419.085
419.318
419.552
419.786
420.019
420.253
420.486
420.720
420.953
421.187
421.421
421.654
421.854
422.088
422.321
422.555
422.789
423.022
423.256
423.489
423.723
423.956
424.190
424.424
424.657
424.891
425.124
425.358
425.591
425.825
426.058
426.292
426.526
426.759
427.026
427.260
427.493
427.727
427.960
478.411
478.845
479.245
479.712
480.112
480.546
480.947
481.347
481.781
482.181
482.615
483.015
483.416
483.850
484.250
484.650
485.084
485.485
485.918
486.319
486.752
487.153
487.553
487.987
488.387
488.821
489.222
489.622
490.056
490.456
490.890
491.290
491.691
492.124
492.525
492.959
493.359
493.759
494.193
494.594
495.027
495.394
495.795
496.229
496.629
497.063
497.497
497.897
498.331
498.531
498.731
498.931
499.165
499.365
499.565
499.765
499.966
500.199
500.399
500.600
500.800
501.000
501.234
501.434
501.634
501.734
501.834
501.934
502.034
502.168
502.268
502.368
502.468
502.568
502.668
502.768
502.869
502.969
503.069
504.937
505.771
506.606
507.440
508.241
509.075
509.909
510.743
511.544
512.345
513.179
514.013
514.881
515.715
516.516
517.350
518.184
519.018
519.852
520.653
521.487
522.321
523.155
523.990
524.790
525.625
526.459
527.293
528.094
528.895
529.729
530.563
531.397
531.797
532.231
532.665
533.099
533.499
533.900
534.333
534.734
535.134
535.568
535.968
536.402
536.802
537.236
537.637
538.037
538.271
538.471
538.671
538.871
539.071
539.305
539.505
539.705
539.906
540.106
540.306
540.540
540.740
540.940
541.140
541.374
544.644
544.844
545.044
545.244
545.444
545.678
545.878
546.078
546.279
546.512
546.712
546.913
547.113
547.313
547.547
547.747
547.947
548.147
548.347
548.581
548.781
548.981
549.181
549.382
549.615
549.815
550.049
550.249
550.449
550.683
551.284
551.484
551.717
551.918
552.118
552.318
552.518
552.752
552.952
553.152
553.352
553.553
553.786
553.986
554.186
554.387
554.587
554.820
555.021
555.221
555.421
555.621
555.855
556.255
556.556
556.889
557.924
558.124
558.324
558.524
558.724
558.958
559.158
559.358
559.559
559.759
559.992
560.192
560.359
560.560
560.760
560.993
561.193
561.394
561.594
561.794
562.028
562.228
562.428
562.628
562.828
563.062
563.262
563.462
563.663
563.863
564.096
564.497
564.797
565.131
565.331
565.631
565.932
566.165
566.465
566.766
566.966
567.300
567.633
567.833
568.167
568.467
568.668
568.968
569.302
569.502
571.137
571.571
571.971
572.405
572.805
573.205
573.639
574.040
574.473
574.874
575.274
575.708
576.108
576.509
576.909
577.310
577.743
578.144
578.578
578.978
579.378
579.812
580.212
580.646
581.047
581.447
581.881
582.281
582.715
583.115
583.516
584.350
584.784
585.217
585.618
586.052
586.452
586.886
587.286
587.720
588.120
588.521
588.955
589.355
589.755
590.189
590.590
591.023
591.424
591.824
592.258
592.658
593.059
593.459
593.859
594.293
594.694
595.127
595.528
595.962
596.362
596.762
597.196
597.597
597.897
597.997
598.431
598.731
598.831
599.265
599.565
599.665
600.066
600.399
600.499
600.900
601.233
601.334
601.734
602.034
602.134
602.568
602.902
603.002
603.436
603.736
603.836
604.270
604.470
604.670
604.870
605.071
605.271
605.504
605.705
605.905
606.105
606.339
606.539
606.739
606.939
607.139
607.373
607.573
607.673
607.773
607.873
607.974
608.074
608.174
608.407
608.507
608.608
608.708
608.808
608.908
609.008
609.075
609.175
609.275
609.408
609.508
609.609
609.709
609.809
609.909
610.009
610.109
610.209
610.309
610.443
610.543
610.643
610.743
610.843
614.146
614.347
614.580
614.780
614.981
615.181
615.381
615.615
615.815
616.015
616.215
616.415
616.649
616.849
617.049
617.249
617.450
617.683
617.883
618.084
618.284
618.484
618.718
618.918
619.118
619.318
619.518
619.752
619.952
620.152
620.386
620.820
621.020
621.220
621.420
621.621
621.854
622.054
622.254
622.455
622.655
622.888
623.089
623.289
623.489
623.689
623.923
624.123
624.323
624.523
624.724
624.957
625.157
625.324
625.725
626.058
626.359
627.393
627.593
627.793
628.027
628.227
628.427
628.628
628.828
629.061
629.261
629.462
629.662
629.862
630.096
630.296
630.496
630.696
630.896
631.130
631.330
631.530
631.731
631.931
632.164
632.365
632.565
632.765
632.965
633.199
633.399
633.599
634.000
634.333
634.634
634.834
635.167
635.468
635.668
635.968
636.302
636.502
636.802
637.103
637.336
637.637
637.937
638.170
638.504
638.804
639.005
640.673
641.474
642.274
643.109
643.943
644.777
645.611
646.412
647.246
648.080
648.914
649.749
650.549
651.384
652.218
653.052
653.886
654.720
655.521
656.389
657.223
658.024
658.858
659.659
660.493
661.327
662.161
662.995
663.796
664.630
665.464
666.298
667.133
716.782
717.717
718.684
719.618
720.519
721.454
722.421
723.355
724.290
725.224
726.158
727.093
728.027
728.994
729.929
730.863
731.797
732.264
732.732
732.965
733.199
733.432
733.666
734.133
734.600
734.834
735.067
735.301
735.534
736.001
736.469
736.669
736.902
737.136
737.369
737.870
738.337
738.571
738.838
739.071
739.305
739.772
740.239
740.473
740.706
740.940
741.173
741.640
742.108
742.341
742.575
742.808
743.042
743.509
743.976
744.210
744.443
744.677
744.910
745.377
745.845
746.078
746.312
746.545
749.482
749.849
750.316
751.016
751.951
752.852
753.786
754.720
755.654
756.989
757.356
757.823
758.524
759.458
760.392
761.327
762.261
763.195
764.130
765.064
765.998
766.932
767.900
768.834
769.735
770.669
771.604
772.538
773.506
774.440
775.374
776.308
776.809
777.276
777.743
778.210
778.677
779.145
779.612
780.079
780.546
781.013
781.480
781.947
782.414
782.882
783.349
783.816
784.283
784.750
785.184
785.651
786.152
786.619
787.086
787.553
788.020
788.487
788.954
789.421
789.889
790.356
790.856
791.323
791.791
792.258
792.725
792.958
793.192
793.425
793.659
793.893
794.126
794.360
794.593
794.827
795.060
795.294
795.528
796.028
796.495
796.729
796.962
797.196
797.429
797.663
797.897
798.130
798.364
798.597
798.831
799.064
799.298
799.765
800.232
800.466
800.699
800.933
801.167
801.400
801.600
801.834
802.067
802.301
802.535
802.768
803.002
803.469
803.936
804.170
804.403
804.637
804.870
806.772
807.239
807.740
808.207
808.674
809.141
809.608
810.075
810.543
811.010
811.477
811.944
812.411
812.878
813.345
813.813
814.280
814.747
815.247
815.714
816.182
816.649
817.116
817.583
818.017
818.484
818.951
819.418
819.885
821.754
822.221
822.688
822.922
823.155
823.389
823.622
824.089
824.557
824.824
825.090
825.324
825.558
826.025
826.492
826.725
826.959
827.193
827.426
827.893
828.360
828.594
828.828
829.061
829.295
829.762
830.229
830.462
830.696
830.930
831.163
831.630
832.097
832.331
832.565
832.798
833.032
833.499
833.933
834.166
834.400
834.667
834.900
835.367
835.835
836.068
836.302
836.535
836.769
837.236
837.703
837.937
838.170
838.404
838.637
839.104
839.572
839.805
840.039
840.272
840.506
840.973
841.440
841.674
841.907
842.174
842.408
842.875
843.342
843.576
843.809
844.043
844.310
844.777
845.244
845.477
845.711
845.945
846.178
846.645
847.112
847.346
847.580
847.813
848.047
848.514
848.981
849.215
849.448
849.682
849.915
850.349
850.816
851.050
851.283
851.517
851.750
852.218
853.152
854.086
855.054
855.988
856.922
857.857
858.791
859.758
860.693
861.627
862.561
863.495
864.463
865.397
866.332
867.233
868.167
869.101
870.035
870.970
871.904
872.838
873.806
874.740
875.674
876.642
877.576
878.510
879.445
880.379
881.313
881.780
882.248
882.715
883.182
883.649
884.116
884.583
885.050
885.517
885.985
886.452
886.919
887.386
887.853
888.320
888.787
889.255
889.722
890.189
890.656
891.123
891.590
892.057
892.558
893.025
893.492
893.993
894.460
894.927
895.394
895.861
896.328
896.795
897.029
897.263
897.496
897.730
897.963
898.197
898.430
898.664
898.898
899.098
899.331
899.565
899.798
900.032
900.266
900.499
900.733
900.966
901.200
901.433
901.667
901.901
902.134
902.401
902.635
902.868
903.102
903.335
903.569
903.802
904.036
904.270
904.503
904.737
904.970
905.204
905.437
905.671
905.905
906.138
906.372
906.605
906.839
907.072
907.306
907.539
907.773
908.007
908.240
908.474
908.707
908.941
909.174
909.408
909.642
909.875
911.777
912.044
912.278
912.511
912.745
912.978
913.212
913.445
913.679
913.913
914.146
914.380
914.613
914.847
915.080
915.281
915.514
915.748
915.981
916.215
916.448
916.682
916.916
917.149
917.383
917.616
917.850
918.083
918.317
918.550
918.784
919.018
919.251
919.485
919.718
919.952
920.185
920.419
920.653
920.886
921.120
921.353
921.620
921.854
922.087
922.321
922.554
922.788
923.022
926.759
927.226
927.693
928.160
928.661
929.128
929.595
930.062
930.529
930.996
931.497
931.931
932.398
932.865
933.332
933.799
934.266
934.733
935.200
935.668
936.135
936.602
937.069
937.536
938.003
938.470
938.938
939.405
939.872
941.774
942.241
942.708
942.942
943.175
943.409
943.642
944.109
944.576
944.810
945.044
945.277
945.544
946.011
946.478
946.712
946.946
947.179
947.413
947.846
948.314
948.547
948.781
949.014
949.248
949.715
950.182
950.416
950.683
950.916
951.150
951.617
952.084
952.318
952.551
952.785
953.018
953.485
953.953
954.186
954.420
954.653
954.887
955.354
955.821
956.055
956.288
956.522
956.755
1018.617
1019.551
1020.486
1021.387
1022.287
1023.222
1024.156
1025.090
1025.991
1026.925
1027.860
1028.761
1029.695
1030.629
1031.530
1032.464
1033.399
1034.299
1035.234
1036.168
1037.069
1037.970
1038.904
1039.805
1040.773
1041.707
1042.608
1043.542
1044.476
1045.377
1046.311
1047.246
1048.147
1049.081
1050.015
1050.916
1051.850
1052.785
1053.685
1054.586
1055.521
1056.422
1057.389
1058.323
1059.224
1060.159
1061.093
1061.994
1062.928
1063.395
1063.862
1064.329
1064.763
1065.230
1065.697
1066.165
1066.632
1067.099
1067.533
1068.000
1068.467
1068.934
1069.401
1069.835
1070.302
1070.736
1071.203
1071.670
1072.137
1072.571
1073.038
1073.505
1073.972
1074.473
1074.940
1075.374
1075.841
1076.308
1076.775
1077.242
1078.177
1078.377
1078.610
1078.844
1079.078
1079.311
1079.545
1079.778
1080.012
1080.245
1080.479
1080.712
1080.946
1081.146
1081.380
1081.613
1081.847
1082.081
1082.314
1082.548
1082.781
1083.015
1083.248
1083.482
1083.715
1083.916
1084.149
1084.383
1084.616
1085.551
1085.784
1086.018
1086.251
1086.485
1086.652
1086.885
1087.119
1087.352
1087.586
1087.820
1088.053
1088.287
1088.520
1088.754
1088.987
1089.221
1089.421
1089.655
1089.888
1090.122
1090.355
1090.589
1090.823
1091.056
1091.290
1091.523
1091.790
1091.990
1092.925
1093.158
1093.392
1093.625
1093.859
1094.093
1094.326
1094.560
1094.760
1094.993
1095.227
1095.461
1095.694
1095.928
1096.161
1096.395
1096.628
1096.862
1097.096
1097.329
1097.529
1097.763
1097.996
1098.230
1098.464
1098.697
1098.931
1099.164
1099.398
1100.299
1100.532
1100.766
1100.999
1101.233
1101.467
1101.700
1101.934
1102.167
1102.401
1102.634
1102.835
1103.035
1103.268
1103.502
1103.735
1103.969
1104.203
1104.436
1104.670
1104.903
1105.137
1105.370
1105.604
1105.804
1106.038
1106.271
1106.505
1106.738
1107.206
1107.439
1107.673
1107.906
1108.140
1108.373
1108.607
1108.707
1108.807
1109.074
1109.308
1109.541
1109.775
1110.008
1110.242
1110.476
1110.576
1110.709
1110.943
1111.176
1111.376
1111.610
1111.844
1112.077
1112.311
1112.444
1112.544
1112.778
1113.011
1113.245
1113.479
1113.712
1113.946
1114.146
1114.279
1114.379
1114.613
1114.847
1115.080
1115.314
1115.547
1115.781
1116.014
1116.115
1116.248
1116.482
1116.715
1116.915
1117.149
1117.382
1117.616
1117.850
1117.983
1118.083
1118.317
1118.550
1118.784
1118.984
1119.218
1119.451
1119.651
1119.885
1120.119
1120.352
1120.586
1120.819
1121.053
1121.286
1121.520
1121.987
1122.221
1122.421
1122.654
1122.888
1123.122
1123.355
1123.489
1123.589
1123.822
1124.056
1124.289
1124.523
1124.756
1124.990
1125.190
1125.324
1125.424
1125.657
1125.891
1126.158
1126.391
1126.625
1126.859
1127.092
1127.192
1127.326
1127.559
1127.793
1127.993
1128.227
1128.460
1128.694
1128.927
1129.061
1129.161
1129.394
1129.628
1129.862
1130.095
1130.329
1130.562
1130.762
1130.896
1130.996
1131.230
1131.463
1131.697
1131.930
1132.164
1132.397
1132.631
1132.731
1132.865
1133.098
1133.332
1133.532
1133.765
1133.999
1134.233
1134.466
1134.700
1134.933
1135.167
1135.367
1135.601
1135.834
1136.068
1136.268
1136.502
1136.735
1151.517
1152.417
1153.352
1154.286
1155.187
1156.121
1157.055
1157.956
1158.891
1159.825
1160.759
1161.693
1162.628
1163.529
1164.463
1165.397
1166.298
1167.232
1168.133
1169.067
1169.968
1170.903
1171.803
1172.738
1173.672
1174.573
1175.507
1176.441
1177.342
1178.310
1179.244
1180.145
1181.079
1182.014
1182.915
1183.849
1184.750
1185.651
1186.585
1187.519
1188.420
1189.354
1190.289
1191.190
1192.124
1193.058
1193.959
1194.927
1195.861
1196.328
1196.762
1197.229
1197.696
1198.163
1198.630
1199.097
1199.531
1199.998
1200.432
1200.899
1201.366
1201.800
1202.267
1202.734
1203.202
1203.669
1204.136
1204.570
1205.037
1205.504
1205.971
1206.438
1206.905
1207.339
1207.806
1208.273
1208.740
1209.208
1209.675
1210.108
1211.043
1211.276
1211.510
1211.610
1211.743
1211.977
1212.244
1212.477
1212.711
1212.811
1212.945
1213.178
1213.378
1213.512
1213.612
1213.845
1214.079
1214.313
1214.546
1214.780
1215.013
1215.247
1215.347
1215.480
1215.714
1215.914
1216.148
1216.381
1216.515
1216.582
1216.815
1217.049
1217.149
1217.282
1217.516
1217.749
1218.450
1218.650
1218.884
1219.017
1219.117
1219.351
1219.585
1219.818
1220.052
1220.152
1220.285
1220.519
1220.752
1220.852
1220.986
1221.220
1221.420
1221.653
1221.887
1222.120
1222.354
1222.588
1222.821
1223.055
1223.288
1223.522
1223.755
1223.989
1224.189
1224.423
1224.656
1224.890
1225.824
1226.058
1226.291
1226.391
1226.525
1226.758
1226.959
1227.192
1227.426
1227.559
1227.659
1227.893
1228.126
1228.260
1228.360
1228.594
1228.827
1229.061
1229.328
1229.561
1229.761
1229.995
1230.128
1230.229
1230.462
1230.696
1230.929
1231.163
1231.263
1231.396
1231.630
1231.863
1231.964
1232.097
1232.331
1232.531
1233.198
1233.432
1233.665
1233.799
1233.899
1234.132
1234.366
1234.600
1234.833
1234.933
1235.033
1235.267
1235.500
1235.634
1235.734
1235.968
1236.201
1236.435
1236.668
1236.902
1237.135
1237.369
1237.603
1237.803
1238.036
1238.270
1238.503
1238.737
1238.971
1239.204
1239.438
1239.671
1239.905
1240.138
1240.572
1241.039
1241.506
1241.974
1242.441
1242.908
1243.342
1243.809
1244.276
1244.743
1245.210
1245.677
1246.111
1246.612
1247.079
1247.546
1248.013
1248.480
1248.914
1249.348
1249.815
1250.282
1250.749
1251.216
1251.650
1252.117
1252.584
1253.051
1253.518
1253.986
1254.419
1254.886
1302.367
1302.701
1303.001
1303.302
1303.602
1303.902
1304.202
1304.503
1304.770
1305.070
1305.370
1305.671
1305.971
1306.271
1306.605
1306.905
1307.205
1307.506
1307.806
1308.106
1308.407
1308.707
1309.007
1309.308
1309.608
1309.908
1310.208
1310.509
1310.809
1311.109
1311.410
1311.710
1312.010
1312.311
1312.611
1312.911
1313.211
1313.512
1313.812
1314.112
1314.413
1314.713
1315.013
1315.314
1315.614
1315.914
1316.214
1316.515
1316.815
1317.115
1317.416
1317.716
1318.016
1318.317
1318.617
1318.917
1319.217
1319.518
1319.818
1320.118
1320.419
1320.719
1321.019
1321.320
1321.620
1322.788
1324.022
1325.223
1326.425
1327.626
1328.827
1330.028
1331.229
1332.431
1333.632
1334.833
1336.034
1337.202
1338.403
1339.571
1340.806
1342.007
1343.208
1344.409
1345.610
1346.812
1348.013
1349.214
1350.415
1351.616
1352.818
1354.019
1355.187
1356.388
1357.589
1358.824
1360.025
1360.625
1361.226
1361.827
1362.427
1363.028
1363.628
1364.229
1364.830
1365.430
1366.031
1366.631
1367.199
1367.799
1368.433
1369.000
1369.601
1370.235
1370.802
1371.370
1371.970
1372.571
1373.171
1373.772
1374.373
1374.973
1375.607
1376.208
1376.808
1379.211
1379.378
1379.511
1379.678
1379.811
1380.412
1380.579
1380.712
1380.879
1381.012
1381.613
1381.780
1381.913
1382.080
1382.214
1382.814
1382.981
1383.115
1383.281
1383.415
1384.015
1384.182
1384.316
1384.483
1384.616
1385.217
1385.384
1385.517
1385.684
1385.817
1386.418
1386.618
1386.818
1387.018
1387.185
1387.386
1387.586
1387.786
1387.986
1388.186
1389.388
1389.521
1389.688
1389.821
1389.988
1390.589
1390.722
1390.889
1391.022
1391.189
1391.790
1391.923
1392.090
1392.224
1392.424
1393.024
1393.158
1393.325
1393.458
1393.625
1394.226
1394.359
1394.526
1394.659
1394.826
1395.427
1395.560
1395.727
1395.861
1396.027
1398.430
1398.563
1398.730
1398.864
1399.030
1399.164
1399.331
1399.464
1399.631
1399.765
1399.931
1400.065
1400.232
1400.832
1400.966
1401.133
1401.266
1401.433
1401.566
1401.733
1401.867
1402.000
1402.167
1402.334
1402.467
1402.634
1403.235
1403.368
1403.468
1403.635
1403.802
1403.935
1404.102
1404.236
1404.369
1404.536
1404.669
1404.836
1404.970
1405.570
1405.771
1405.971
1406.171
1406.371
1406.571
1406.772
1406.972
1407.172
1407.372
1408.573
1408.740
1408.874
1409.040
1409.174
1409.341
1409.508
1409.674
1409.808
1409.975
1410.108
1410.275
1410.409
1411.009
1411.176
1411.309
1411.476
1411.610
1411.777
1411.910
1412.077
1412.210
1412.377
1412.511
1412.677
1412.811
1413.412
1413.578
1413.712
1413.879
1414.012
1414.179
1414.312
1414.479
1414.613
1414.780
1414.913
1415.080
1415.213
1417.616
1418.216
1418.817
1419.418
1419.985
1420.585
1421.186
1421.787
1422.387
1422.988
1423.588
1424.189
1424.790
1425.390
1425.991
1426.591
1427.225
1427.826
1428.427
1429.027
1429.628
1430.228
1430.829
1431.430
1432.030
1432.631
1433.198
1433.799
1434.399
1435.000
1435.600
1436.168
1436.768
1441.573
1442.774
1444.009
1445.210
1446.411
1447.612
1448.814
1450.015
1451.216
1452.384
1453.585
1454.786
1455.987
1457.189
1458.390
1459.591
1460.792
1461.426
1462.027
1462.627
1463.228
1463.829
1464.429
1465.030
1465.630
1466.231
1466.832
1467.432
1468.033
1468.600
1469.201
1469.801
1470.368
1470.969
1471.570
1472.170
1472.771
1473.371
1473.972
1474.573
1475.173
1475.774
1476.374
1476.975
1477.576
1478.210
1478.810
1479.411
1480.011
1480.612
1481.213
1481.813
1482.414
1483.014
1483.615
1484.216
1484.783
1485.083
1485.383
1485.684
1485.984
1486.284
1486.585
1486.885
1487.185
1487.486
1487.786
1488.086
1488.386
1488.687
1488.987
1489.287
1489.588
1499.831
1499.965
1500.131
1500.265
1500.432
1500.565
1500.732
1500.866
1500.966
1501.132
1501.299
1501.433
1501.600
1501.733
1501.900
1502.033
1502.200
1502.334
1502.501
1502.634
1502.801
1502.934
1503.101
1503.235
1503.401
1503.535
1503.702
1503.835
1504.002
1504.569
1504.736
1504.870
1505.036
1505.170
1505.337
1505.470
1505.637
1505.770
1505.937
1506.071
1506.238
1506.371
1506.538
1506.671
1506.838
1506.972
1507.138
1507.272
1507.439
1507.572
1507.739
1507.873
1508.039
1508.173
1508.340
1508.473
1508.640
1508.773
1509.374
1509.541
1509.674
1509.841
1509.975
1510.141
1510.275
1510.442
1510.575
1510.742
1510.876
1511.042
1511.176
1511.343
1511.476
1511.643
1511.776
1511.943
1512.077
1512.244
1512.377
1512.577
1512.711
1512.878
1513.011
1513.178
1513.311
1513.478
1513.612
1514.212
1514.379
1514.513
1514.679
1514.813
1514.980
1515.113
1515.280
1515.413
1515.580
1515.714
1515.881
1516.014
1518.984
1519.150
1519.284
1519.451
1519.584
1519.751
1519.885
1520.051
1520.185
1520.352
1520.485
1520.652
1520.785
1520.952
1521.086
1521.219
1521.386
1521.520
1521.686
1521.820
1521.987
1522.120
1522.287
1522.420
1522.587
1522.721
1522.888
1523.021
1523.188
1523.321
1523.488
1523.622
1523.788
1523.922
1524.089
1524.222
1524.389
1524.523
1524.689
1524.823
1524.990
1525.123
1525.290
1525.423
1525.590
1525.724
1525.891
1526.024
1526.191
1526.324
1526.491
1526.625
1526.791
1526.925
1527.092
1527.225
1527.392
1527.993
1528.126
1528.293
1528.426
1528.593
1528.727
1528.894
1529.027
1529.194
1529.327
1529.494
1529.628
1529.828
1529.961
1530.128
1530.262
1530.428
1530.562
1530.729
1530.862
1531.029
1531.162
1531.329
1531.463
1531.630
1531.763
1531.930
1532.063
1532.230
1532.364
1532.531
1532.664
1532.831
1532.964
1533.131
1533.265
1533.431
1533.532
1533.698
1533.832
1533.999
1534.132
1534.299
1534.432
1534.599
1534.733
1534.900
1535.033
1535.200
1535.333
1535.500
1535.634
1535.767
1535.934
1536.067
1536.234
1536.368
1579.244
1579.978
1580.679
1581.379
1582.080
1582.781
1583.481
1584.215
1584.916
1585.617
1586.318
1587.018
1587.719
1588.453
1589.154
1590.555
1591.256
1591.957
1592.657
1593.391
1594.092
1594.759
1595.460
1596.194
1596.561
1596.895
1597.262
1597.629
1597.963
1598.330
1598.663
1599.030
1599.197
1599.364
1599.564
1599.731
1599.898
1600.098
1600.265
1600.432
1600.632
1600.799
1600.966
1601.132
1601.333
1601.499
1601.666
1601.866
1602.200
1602.567
1602.901
1603.268
1603.602
1603.969
1604.336
1604.669
1605.036
1605.370
1605.737
1606.071
1606.438
1606.805
1607.138
1607.505
1607.839
1608.206
1608.573
1608.907
1609.274
1609.608
1609.975
1610.308
1610.642
1611.009
1611.343
1611.710
1613.511
1613.845
1614.212
1614.546
1614.913
1615.246
1615.614
1615.981
1616.314
1616.681
1617.015
1617.382
1617.749
1618.083
1618.783
1619.150
1619.484
1619.851
1620.218
1620.552
1620.919
1621.252
1621.620
1621.953
1622.320
1622.687
1623.021
1623.388
1623.722
1624.089
1624.789
1625.490
1626.191
1626.891
1627.592
1628.293
1628.994
1629.694
1630.428
1631.129
1631.863
1632.564
1633.264
1633.965
1634.666
1635.367
1635.734
1636.101
1636.434
1636.801
1637.135
1637.502
1637.836
1638.203
1638.570
1638.903
1639.270
1639.604
1639.971
1640.338
1640.672
1641.039
1641.373
1641.740
1642.073
1642.440
1642.807
1643.108
1643.475
1643.808
1644.175
1644.509
1644.876
1645.243
1645.577
1645.944
1646.277
1646.645
1646.978
1647.345
1647.746
1648.079
1648.446
1648.780
1649.147
1649.514
1649.848
1650.215
1650.548
1650.915
1651.249
1651.616
1651.983
1652.317
1652.684
1653.018
1653.385
1653.718
1654.085
1654.452
1654.786
1655.153
1655.487
1655.854
1656.187
1656.554
1656.921
1657.255
1657.622
1657.956
1658.323
1658.690
1659.024
1659.357
1659.691
1660.058
1660.392
1660.759
1661.126
1661.459
1661.826
1662.160
1662.527
1662.861
1663.228
1663.595
1663.928
1664.295
1664.629
1665.030
1665.363
1665.730
1666.097
1666.431
1666.798
1667.132
1667.499
1667.866
1669.601
1669.801
1669.968
1670.135
1670.335
1670.502
1670.669
1670.835
1671.036
1671.202
1671.369
1671.569
1671.736
1671.903
1672.070
1672.270
1672.437
1672.604
1672.804
1672.971
1673.138
1673.338
1673.505
1673.672
1673.838
1674.039
1674.205
1674.372
1674.572
1674.739
1674.906
1675.073
1675.273
1675.440
1675.607
1675.774
1675.940
1676.107
1676.274
1676.474
1676.641
1676.808
1677.008
1677.175
1677.342
1677.509
1677.709
1677.876
1678.043
1678.243
1678.410
1678.576
1678.743
1678.943
1679.110
1679.277
1679.477
1680.879
1681.046
1681.212
1681.413
1681.579
1681.746
1681.946
1682.147
1682.313
1682.480
1682.681
1682.847
1683.014
1683.214
1683.381
1683.548
1683.748
1683.915
1684.082
1684.249
1684.449
1684.616
1684.783
1684.983
1685.150
1685.316
1685.483
1685.684
1685.850
1686.017
1686.217
1686.384
1686.551
1686.718
1686.918
1687.085
1687.252
1687.452
1687.619
1687.786
1687.952
1688.153
1688.319
1688.486
1688.687
1688.853
1689.020
1689.187
1689.387
1689.554
1689.721
1689.921
1690.088
1690.255
1690.422
1690.622
1690.789
1692.157
1692.524
1692.891
1693.224
1693.591
1693.925
1694.292
1694.626
1694.993
1695.360
1695.694
1696.061
1696.394
1696.761
1697.095
1697.462
1697.829
1698.163
1698.530
1698.863
1699.230
1699.631
1699.964
1700.331
1700.665
1701.032
1701.366
1701.733
1702.100
1703.501
1703.668
1703.835
1704.035
1704.202
1704.369
1704.569
1704.736
1704.903
1705.070
1705.270
1705.437
1705.603
1705.804
1705.970
1706.137
1706.304
1706.504
1706.671
1706.838
1707.038
1707.205
1707.372
1707.572
1707.739
1707.906
1708.073
1708.239
1708.406
1708.573
1708.773
1708.940
1709.107
1709.274
1709.474
1709.641
1709.808
1710.008
1710.175
1710.341
1710.508
1710.709
1710.875
1711.042
1711.242
1711.409
1711.576
1711.743
1711.943
1712.110
1712.277
1712.477
1712.644
1712.811
1712.977
1713.178
1713.344
1715.480
1716.915
1718.316
1719.718
1721.152
1722.554
1723.955
1725.356
1726.057
1726.758
1727.459
1728.159
1728.860
1729.594
1730.295
1730.995
1731.696
1732.397
1733.098
1733.832
1734.566
1735.266
1735.967
1736.668
1737.368
1738.069
1738.803
1739.504
1740.205
1740.872
1741.573
1742.273
1743.007
1743.708
1744.409
1745.110
1745.810
1746.511
1747.212
1747.946
1748.646
1748.813
1748.980
1749.180
1749.347
1749.514
1749.714
1749.881
1750.048
1750.215
1750.415
1750.582
1750.749
1750.949
1751.116
1751.316
1751.483
1751.683
1751.850
1752.016
1752.217
1752.383
1752.550
1752.717
1752.917
1753.084
1753.251
1753.451
1753.618
1753.785
1753.952
1754.152
1754.319
1754.486
1754.686
1754.853
1755.019
1755.220
1755.386
1755.553
1755.720
1755.920
1756.087
1756.254
1756.454
1756.621
1756.788
1756.921
1757.122
1757.288
1757.455
1757.655
1757.822
1757.989
1758.156
1758.356
1759.924
1760.091
1760.258
1760.425
1760.592
1760.759
1760.925
1761.092
1761.259
1761.459
1761.626
1761.793
1761.960
1762.127
1762.293
1762.460
1762.627
1762.794
1762.994
1763.161
1763.328
1763.495
1763.661
1763.828
1763.995
1764.162
1764.329
1764.529
1764.696
1764.863
1765.029
1765.196
1765.363
1765.530
1765.697
1765.864
1766.064
1766.231
1766.397
1766.564
1766.731
1766.898
1767.065
1767.232
1767.398
1767.599
1767.766
1767.932
1768.099
1768.266
1768.466
1768.633
1768.800
1768.967
1769.134
1769.334
1770.835
1771.002
1771.169
1771.336
1771.503
1771.669
1771.836
1772.003
1772.137
1772.303
1772.470
1772.637
1772.804
1772.971
1773.104
1773.271
1773.438
1773.605
1773.772
1773.938
1774.105
1774.272
1774.439
1774.606
1774.773
1774.906
1775.073
1775.240
1775.406
1775.573
1775.740
1775.907
1776.074
1776.241
1776.407
1776.574
1776.741
1776.908
1777.075
1777.242
1777.408
1777.542
1777.709
1777.876
1778.042
1778.209
1778.376
1778.543
1778.710
1778.877
1779.043
1779.210
1779.377
1779.544
1779.711
1779.878
1781.312
1781.479
1781.646
1781.813
1781.980
1782.113
1782.280
1782.447
1782.614
1782.747
1782.914
1783.081
1783.248
1783.414
1783.548
1783.715
1783.882
1784.048
1784.215
1784.349
1784.516
1784.682
1784.849
1784.983
1785.150
1785.316
1785.483
1785.683
1785.817
1785.984
1786.151
1786.317
1786.451
1786.618
1786.785
1786.951
1787.118
1787.252
1787.418
1787.585
1787.752
1787.919
1788.052
1788.219
1788.386
1788.553
1788.686
1788.853
1789.020
1789.187
1789.320
1789.454
1789.621
1789.788
1789.954
1790.088
1791.523
1791.689
1791.823
1791.990
1792.157
1792.290
1792.457
1792.624
1792.757
1792.924
1793.057
1793.224
1793.391
1793.525
1793.691
1793.858
1793.992
1794.159
1794.292
1794.459
1794.626
1794.759
1794.926
1795.093
1795.226
1795.393
1795.527
1795.693
1795.860
1795.994
1796.161
1796.327
1796.461
1796.628
1796.795
1796.928
1797.095
1797.228
1797.395
1797.562
1797.695
1797.862
1798.029
1798.163
1798.329
1798.496
1798.630
1798.797
1798.963
1799.097
1799.264
1799.397
1799.564
1799.731
1799.864
1800.031
1801.399
1801.699
1802.000
1802.300
1802.600
1802.901
1803.234
1803.535
1803.835
1804.135
1804.435
1804.736
1805.036
1805.336
1805.603
1805.904
1806.204
1806.504
1806.805
1807.105
1807.405
1807.705
1808.006
1808.306
1808.606
1808.907
1809.207
1809.507
1809.808
1811.309
1811.442
1811.609
1811.743
1811.910
1812.043
1812.210
1812.343
1812.510
1812.644
1812.811
1812.944
1813.111
1813.244
1813.411
1813.545
1813.711
1813.845
1814.012
1814.145
1814.312
1814.445
1814.612
1814.746
1814.913
1815.046
1815.213
1815.346
1815.513
1815.647
1815.814
1815.947
1816.114
1816.247
1816.414
1816.548
1816.714
1816.848
1817.015
1817.148
1817.315
1817.448
1817.615
1817.749
1817.916
1818.049
1818.216
1818.349
1818.516
1818.650
1818.817
1818.950
1819.117
1819.250
1819.417
1819.551
1819.684
1819.851
1819.984
1820.151
1820.318
1820.485
1820.652
1820.785
1820.919
1821.085
1821.252
1821.386
1821.553
1821.686
1821.820
1821.953
1822.120
1822.253
1822.420
1822.554
1822.720
1822.854
1822.987
1823.154
1823.288
1823.454
1823.588
1823.755
1823.888
1824.055
1824.189
1824.355
1824.489
1824.656
1824.789
1824.956
1825.089
1825.256
1825.390
1825.557
1825.690
1825.857
1825.990
1826.157
1826.291
1826.457
1826.591
1826.758
1826.891
1827.058
1827.192
1827.358
1827.492
1827.659
1827.792
1827.959
1828.092
1828.259
1828.393
1828.560
1828.693
1828.860
1828.993
1828.560
1828.693
1828.860
1828.993
